## Author mwhyte
## Created Date Thu 27. Mar 14:41:38 2008
## Modified Date Wed 5. Aug 16:57:58 2009
## Modified By mwhyte
## Network C:/Documents and Settings/All Users/Application Data/paramics/data/Demo1
## Notes 
demand period 1
matrix count 2
divisor 1.2000

matrix 1
from   1    0    0   75    0  800    0    0   80    0  150    0    0    0    0   20    0    0    0    0    0    0    0    0    0    0    0  ## 1125
from   2    0    0    0    0   70    0    0    0    0   90    0    0    0    0  100    0    0    0    0    0    0    0    0    0    0    0  ## 260
from   3    0    0    0    0    0    0    0    0    0    0    0    0    0    0    0    0    0    0    0    0    0    0    0    0    0    0  ## 0
from   4    0   20    0    0  150    0    0   70   10  950    0    0    0    0  150    0    0    0    0    0    0    0    0    0    0    0  ## 1350
from   5    0    0    0    0    0    0    0    0    0    0    0    0    0    0    0    0    0    0    0    0    0    0    0    0    0    0  ## 0
from   6    0    0   50    0    0    0    0   10    0   40    0    0    0   10  120    0    0    0    0    0    0    0    0    0    0    0  ## 230
from   7   10    0  230    0    0    0    0   30  150  100    0    0    0   20  550    0    0    0    0    0    0    0    0    0    0    0  ## 1090
from   8    0    0    0    0    0    0    0    0    0    0    0    0    0    0    0    0    0    0    0    0    0    0    0    0    0    0  ## 0
from   9   10    0   25    0   10    0    0  100    0    0    0    0    0    0   20    0    0    0    0    0    0    0    0    0    0    0  ## 165
from  10    0    0    0    0    0    0    0    0    0    0    0    0    0    0    0    0    0    0    0    0    0    0    0    0    0    0  ## 0
from  11    0    0   25    0    0    0    0    0    0    0    0    0    0    0   25    0    0    0    0    0    0    0    0    0    0    0  ## 50
from  12   10  100  380    0   10    0    0    0    0    0    0    0    0    0   50    0    0    0    0    0    0    0    0    0    0    0  ## 550
from  13    0    0   50    0   70    0    0  350  110   50    0    0    0    0   20    0    0    0    0    0    0    0    0    0    0    0  ## 650
from  14    0    0    0    0    0    0    0    0    0    0    0    0    0    0    0    0    0    0    0    0    0    0    0    0    0    0  ## 0
from  15    0    0    0    0    0    0    0    0    0    0    0    0    0    0    0    0    0    0    0    0    0    0    0    0    0    0  ## 0
from  16   30    0   50    0  200    0    0    0    0  150    0    0    0    0   20    0    0    0    0    0    0    0    0    0    0    0  ## 450
from  17    0    0    0    0    0    0    0    0    0    0    0    0    0    0    0    0    0    0    0    0    0    0    0    0    0    0  ## 0
from  18    0    0    0    0    0    0    0    0    0    0    0    0    0    0    0    0    0    0    0    0    0    0    0    0    0    0  ## 0
from  19    0    0    0    0    0    0    0    0    0    0    0    0    0    0    0    0    0    0    0    0    0    0    0    0    0    0  ## 0
from  20    0    0    0    0    0    0    0    0    0    0    0    0    0    0    0    0    0    0    0    0    0    0    0    0    0    0  ## 0
from  21    0    0    0    0    0    0    0    0    0    0    0    0    0    0    0    0    0    0    0    0    0    0    0    0    0    0  ## 0
from  22    0    0    0    0    0    0    0    0    0    0    0    0    0    0    0    0    0    0    0    0    0    0    0    0    0    0  ## 0
from  23    0    0    0    0    0    0    0    0    0    0    0    0    0    0    0    0    0    0    0    0    0    0    0    0    0    0  ## 0
from  24    0    0    0    0    0    0    0    0    0    0    0    0    0    0    0    0    0    0    0    0    0    0    0    0    0    0  ## 0
from  25    0    0    0    0    0    0    0    0    0    0    0    0    0    0    0    0    0    0    0    0    0    0    0    0    0    0  ## 0
from  26    0    0    0    0    0    0    0    0    0    0    0    0    0    0    0    0    0    0    0    0    0    0    0    0    0    0  ## 0

## total   60  120  885    0 1310    0    0  640  270 1530    0    0    0   30 1075    0    0    0    0    0    0    0    0    0    0    0  ## 5920


matrix 2
from   1    0    0    0    0    0    0    0    0    0    0    0    0    0    0    0    0    0    0    0    0    0    0    0    0    0    0  ## 0
from   2    0    0    0    0    0    0    0    0    0    0    0    0    0    0    0    0    0    0    0    0    0    0    0    0    0    0  ## 0
from   3    0    0    0    0    0    0    0    0    0    0    0    0    0    0    0    0    0    0    0    0    0    0    0    0    0    0  ## 0
from   4    0    0    0    0    0    0    0    0    0    0    0    0    0    0    0    0    0    0    0    0    0    0    0    0    0    0  ## 0
from   5    0    0    0    0    0    0    0    0    0    0    0    0    0    0    0    0    0    0    0    0    0    0    0    0    0    0  ## 0
from   6    0    0    0    0    0    0    0    0    0    0    0    0    0    0    0    0    0    0    0    0    0    0    0    0    0    0  ## 0
from   7    0    0    0    0    0    0    0    0    0    0    0    0    0    0    0    0    0    0    0    0    0    0    0    0    0    0  ## 0
from   8    0    0    0    0    0    0    0    0    0    0    0    0    0    0    0    0    0    0    0    0    0    0    0    0    0    0  ## 0
from   9    0    0    0    0    0    0    0    0    0    0    0    0    0    0    0    0    0    0    0    0    0    0    0    0    0    0  ## 0
from  10    0    0    0    0    0    0    0    0    0    0    0    0    0    0    0    0    0    0    0    0    0    0    0    0    0    0  ## 0
from  11    0    0    0    0    0    0    0    0    0    0    0    0    0    0    0    0    0    0    0    0    0    0    0    0    0    0  ## 0
from  12    0    0    0    0    0    0    0    0    0    0    0    0    0    0    0    0    0    0    0    0    0    0    0    0    0    0  ## 0
from  13    0    0    0    0    0    0    0    0    0    0    0    0    0    0    0    0    0    0    0    0    0    0    0    0    0    0  ## 0
from  14    0    0    0    0    0    0    0    0    0    0    0    0    0    0    0    0    0    0    0    0    0    0    0    0    0    0  ## 0
from  15    0    0    0    0    0    0    0    0    0    0    0    0    0    0    0    0    0    0    0    0    0    0    0    0    0    0  ## 0
from  16    0    0    0    0    0    0    0    0    0    0    0    0    0    0    0    0    0    0    0    0    0    0    0    0    0    0  ## 0
from  17    0    0    0    0    0    0    0    0    0    0    0    0    0    0    0    0    0    0    0    0    0    0    0    0    0    0  ## 0
from  18    0    0    0    0    0    0    0    0    0    0    0    0    0    0    0    0    0    0  100  100  100  100  100  100  100  100  ## 800
from  19    0    0    0    0    0    0    0    0    0    0    0    0    0    0    0    0    0   15    0   10    0    5    0    0    0    0  ## 30
from  20    0    0    0    0    0    0    0    0    0    0    0    0    0    0    0    0    0   15   10    0    0    0    0    0    0    0  ## 25
from  21    0    0    0    0    0    0    0    0    0    0    0    0    0    0    0    0    0   15    0    0    0    0    0    2    0    0  ## 17
from  22    0    0    0    0    0    0    0    0    0    0    0    0    0    0    0    0    0   15    0    0    0    0    0    0    0    0  ## 15
from  23    0    0    0    0    0    0    0    0    0    0    0    0    0    0    0    0    0    0    0    0    0    0    0    0    0   10  ## 10
from  24    0    0    0    0    0    0    0    0    0    0    0    0    0    0    0    0    0    0    0    0    0    0    0    0    0    0  ## 0
from  25    0    0    0    0    0    0    0    0    0    0    0    0    0    0    0    0    0   20    0    0    0    0    0    0    0   20  ## 40
from  26    0    0    0    0    0    0    0    0    0    0    0    0    0    0    0    0    0   20    0    0    0    0    0    0   20    0  ## 40

## total    0    0    0    0    0    0    0    0    0    0    0    0    0    0    0    0    0  100  110  110  100  105  100  102  120  130  ## 977


