sun
90.000000 0.050000 45.500000 4.600000 1.000000 1.000000 1.000000 1.000000 1.000000 0.000000
ground
0.498039 0.498039 0.498039
1 1
sky
0.000000 0.862745 0.996078 1.000000 1.000000
sky
1.000000 0.350000 0.350000 0.800000 1.000000
clouds
2 256 0.010000 0.010000 0.010000 1 1 1.000000 1.000000 1.000000 1.000000 1.000000 1.000000
3 512 0.100000 0.450000 0.260000 2 2 1.000000 1.000000 1.000000 1.000000 1.000000 1.000000
wind
45.000000 10.000000
lensflare
burst 0.900000 -1.260000 1.000000 1.000000 1.000000 xy 0.500000 0.500000
lensflare
halo 0.600000 -0.680000 1.000000 1.000000 1.000000 xy 0.500000 0.500000
lensflare
halo 0.900000 -0.550000 1.000000 0.968628 0.952941 xy 0.500000 0.500000
lensflare
halo 0.700000 -0.350000 1.000000 0.941177 0.980392 xy 0.500000 0.500000
lensflare
halo 0.600000 -0.160000 1.000000 1.000000 1.000000 xy 0.500000 0.500000
lensflare
hexagon 0.500000 0.200000 1.000000 0.776471 0.780392 xy 0.500000 0.500000
lensflare
hexagon 0.500000 0.100000 0.756863 1.000000 0.752941 xy 0.500000 0.500000
lensflare
hexagon 0.500000 0.000000 0.772549 0.835294 1.000000 xy 0.500000 0.500000
lensflare
halo 0.400000 0.290000 1.000000 1.000000 1.000000 xy 0.500000 0.500000
lensflare
halo 0.450000 0.420000 1.000000 1.000000 1.000000 xy 0.500000 0.500000
lensflare
halo 1.500000 0.750000 0.917647 0.941177 1.000000 xy 0.500000 0.500000
lensflare
rainbow 9.000000 0.950000 1.000000 1.000000 1.000000 xy 0.140000 0.140000
lensflare
burst 0.900000 0.770000 1.000000 1.000000 1.000000 xy 0.500000 0.500000
lensflare
halo 1.800000 1.520000 1.000000 0.941177 0.929412 xy 0.500000 0.500000
lensflare
burst 1.700000 1.950000 1.000000 0.937255 0.905882 xy 0.500000 0.500000
lensflare
burst 33.100002 -1.000000 1.000000 1.000000 1.000000 xy 0.150000 0.150000
