trip_data_format_1_1
0,9,2,900,210
3,14,4,900,194
6,13,11,901,123
5,14,8,901,102
6,8,5,902,146
6,14,1,902,110
1,9,13,903,235
0,4,5,903,127
6,8,7,904,122
15,0,4,904,39
24,17,33,904,215
0,4,3,904,119
5,14,4,904,90
0,4,9,905,123
0,2,2,906,106
6,2,7,907,284
6,8,13,908,144
3,1,7,909,199
6,8,3,910,119
6,2,11,911,254
11,1,14,911,267
0,4,14,911,163
6,8,9,912,110
3,9,9,912,173
11,1,6,912,168
3,9,8,913,180
3,9,2,913,175
0,4,9,913,129
5,2,0,913,204
17,22,29,914,199
3,9,5,914,119
3,9,5,915,168
17,18,32,915,132
3,9,9,915,109
25,17,33,916,174
0,4,2,916,127
3,9,3,917,92
3,9,4,917,137
0,4,1,918,121
17,20,32,918,227
3,9,7,918,126
3,9,14,919,148
3,9,5,919,141
3,9,6,919,148
0,4,7,920,116
3,9,3,921,107
10,2,8,922,166
3,9,6,922,115
3,9,9,922,118
6,2,9,923,283
3,9,11,923,132
6,2,9,924,287
3,9,4,924,100
3,4,11,924,75
17,22,33,924,210
8,2,1,925,199
6,2,9,925,291
1,9,9,925,173
8,7,9,926,63
6,2,0,926,200
1,9,3,926,119
3,9,14,926,137
6,2,5,927,237
17,24,30,927,252
15,9,11,927,208
1,9,3,927,189
6,2,0,928,261
1,9,7,928,163
17,25,32,928,193
17,20,33,928,241
6,2,14,929,191
3,9,9,929,132
11,2,4,930,120
17,22,29,930,234
0,7,0,930,265
6,2,9,931,177
15,9,6,931,203
17,21,29,931,201
0,7,9,932,230
3,7,4,932,177
6,2,9,932,161
17,25,29,933,201
6,2,3,934,138
15,9,14,934,156
3,7,4,934,101
3,7,3,935,190
17,20,31,936,230
0,14,13,939,201
17,24,31,940,274
17,22,33,941,228
1,14,4,941,111
11,2,14,942,157
11,2,2,943,124
17,24,33,943,265
17,20,32,943,222
1,14,7,944,111
25,24,33,944,129
17,24,30,944,273
1,14,2,946,59
17,22,29,946,228
6,13,14,949,163
12,7,4,950,121
12,7,5,950,125
12,7,14,954,112
12,7,0,959,105
12,7,4,962,95
12,7,11,963,78
15,2,1,964,104
12,7,8,966,70
15,2,0,967,105
12,8,14,967,123
5,14,14,969,182
12,4,3,970,142
12,7,0,971,67
12,4,11,972,154
20,17,29,972,180
0,4,5,974,166
10,14,2,976,239
0,4,2,976,154
8,14,5,978,234
3,14,2,978,241
11,14,8,979,201
1,4,8,979,138
6,9,2,980,152
6,9,4,980,112
6,9,4,980,171
3,14,5,980,177
15,4,11,981,115
6,14,3,981,131
5,14,7,981,156
17,19,30,981,112
12,14,1,982,173
15,4,4,983,164
5,14,5,983,148
0,4,9,983,149
0,9,6,984,212
5,14,8,984,163
15,9,0,985,240
15,4,2,985,154
3,14,7,985,155
15,4,12,985,161
6,13,9,986,142
15,4,0,986,153
6,14,4,986,156
15,4,3,987,150
0,9,11,987,246
0,4,8,987,136
6,14,7,987,171
6,14,9,988,136
15,9,12,988,240
0,4,7,989,147
6,14,3,989,157
6,14,2,990,156
3,14,13,990,233
15,4,11,991,108
0,9,7,991,230
6,14,8,991,137
3,14,7,991,219
0,4,0,992,146
6,14,2,992,117
6,14,4,993,181
6,14,0,994,127
0,9,7,995,185
6,14,2,995,99
6,8,0,995,159
15,4,0,995,180
17,21,30,995,134
6,8,2,996,191
6,14,2,996,113
0,4,0,997,138
15,4,3,997,162
0,9,6,999,210
15,4,11,999,116
0,4,14,1000,140
15,14,11,1000,36
6,8,7,1001,142
6,14,13,1002,120
0,4,2,1003,158
0,9,12,1003,230
17,21,30,1003,98
17,21,32,1004,167
0,4,0,1004,128
5,14,8,1004,71
0,4,5,1006,118
11,2,0,1007,182
0,4,4,1007,131
0,4,6,1008,102
11,2,2,1008,167
6,2,8,1010,294
0,4,2,1010,101
11,2,8,1011,141
11,2,12,1012,204
3,9,5,1012,147
24,25,30,1012,98
6,2,0,1012,205
11,2,0,1014,177
3,9,1,1014,146
0,4,0,1014,103
3,9,4,1014,158
3,9,1,1014,172
6,8,7,1015,154
11,2,1,1015,174
0,4,6,1016,99
6,8,3,1016,142
17,18,33,1016,139
17,22,31,1017,215
3,9,8,1018,136
3,9,13,1018,143
17,22,30,1018,183
0,4,1,1019,100
3,9,1,1019,123
6,2,12,1020,183
3,9,11,1020,139
17,19,29,1020,102
17,23,30,1020,113
12,2,1,1021,168
3,9,6,1021,129
17,18,31,1022,129
17,21,31,1022,151
6,2,0,1023,206
6,8,12,1023,98
3,9,6,1023,143
3,9,12,1023,91
3,9,4,1023,134
3,9,12,1024,144
6,2,8,1025,201
3,9,9,1025,108
3,9,3,1025,126
17,25,31,1025,174
8,7,8,1025,97
12,7,7,1025,117
3,9,9,1026,113
6,2,3,1026,122
8,7,8,1027,79
17,25,29,1027,198
3,9,3,1027,107
6,2,1,1028,229
6,2,3,1029,203
3,9,14,1029,143
3,9,2,1029,102
3,7,0,1030,158
10,2,9,1030,93
3,9,2,1030,97
3,9,6,1030,107
3,9,1,1030,102
3,9,8,1031,103
5,7,1,1031,161
11,2,8,1032,155
3,9,5,1033,106
12,2,12,1034,155
11,2,8,1036,111
3,9,12,1036,118
0,14,2,1037,171
11,2,9,1037,124
17,24,33,1038,268
12,2,4,1039,111
12,9,4,1040,114
12,2,11,1040,184
3,4,6,1040,27
0,14,5,1040,97
1,14,9,1041,100
12,2,6,1041,172
17,24,33,1041,240
12,8,2,1042,130
1,14,1,1043,120
17,22,31,1043,167
11,2,7,1044,103
3,4,11,1044,27
1,14,7,1045,81
17,22,29,1047,188
17,22,29,1048,178
12,7,11,1051,119
12,9,7,1051,78
3,8,1,1052,138
12,7,13,1053,137
0,2,1,1054,121
17,24,31,1054,281
12,7,1,1056,127
12,7,4,1057,119
12,9,11,1058,80
3,4,2,1059,29
0,2,6,1061,103
17,24,33,1064,231
24,25,31,1064,131
12,7,12,1065,115
12,7,4,1065,101
15,2,8,1066,92
5,14,1,1066,158
5,14,3,1067,151
12,7,6,1067,83
12,8,12,1067,143
12,8,0,1069,135
12,8,6,1070,117
12,4,7,1070,130
0,4,5,1070,143
5,14,3,1070,136
18,17,29,1072,152
1,4,9,1072,124
0,4,11,1072,139
6,14,3,1074,171
0,4,8,1076,142
0,4,14,1077,133
15,2,14,1078,77
0,4,9,1078,135
0,4,12,1079,133
3,14,8,1079,210
12,8,2,1079,111
6,9,0,1079,83
0,4,9,1079,126
6,14,0,1080,127
6,9,0,1081,168
6,9,2,1081,126
0,4,3,1081,120
0,4,0,1081,125
0,4,3,1081,130
6,14,0,1081,170
6,14,4,1081,170
6,9,6,1081,106
25,24,32,1081,130
19,17,30,1081,88
15,4,0,1082,82
15,4,6,1082,134
6,14,5,1082,163
17,19,30,1083,147
6,14,7,1083,146
15,4,13,1085,159
0,9,5,1085,261
15,9,8,1085,198
15,9,4,1086,185
15,9,6,1086,207
3,14,13,1086,184
6,14,3,1086,125
15,4,5,1087,135
6,14,6,1087,124
15,4,13,1088,186
6,14,7,1088,109
12,8,6,1089,84
0,9,2,1089,255
15,4,2,1090,99
15,9,0,1091,192
11,0,7,1093,234
0,4,1,1093,115
6,14,14,1093,150
0,4,5,1094,122
17,19,30,1095,123
6,8,8,1096,172
0,4,0,1096,112
0,4,3,1096,119
6,14,4,1096,99
6,14,4,1097,91
0,9,3,1098,236
0,4,6,1098,111
5,14,0,1098,147
24,25,30,1099,103
0,4,5,1101,102
5,14,8,1102,142
25,17,30,1103,138
5,14,1,1104,139
5,14,4,1104,71
0,4,14,1105,113
0,4,7,1106,99
0,4,9,1106,103
11,1,6,1109,262
11,1,4,1109,163
5,2,1,1109,256
6,8,7,1110,164
0,4,14,1110,102
17,18,31,1111,172
6,2,8,1111,204
6,8,1,1111,83
17,22,32,1111,207
3,9,3,1113,175
0,4,4,1113,103
3,9,9,1113,176
3,9,0,1113,147
3,9,4,1114,136
0,4,0,1114,91
11,2,0,1115,150
6,8,4,1115,84
5,9,8,1115,113
3,9,1,1115,164
17,18,31,1115,134
3,9,2,1117,147
3,9,3,1117,140
6,8,2,1118,136
0,4,12,1118,107
6,2,8,1118,190
3,9,7,1118,158
3,9,14,1118,178
3,9,0,1118,119
17,23,31,1118,187
0,9,12,1119,203
0,4,2,1119,93
3,9,11,1119,119
3,9,7,1121,132
3,9,5,1121,134
5,2,13,1121,239
17,23,31,1121,162
1,9,6,1122,164
17,21,29,1122,120
3,9,12,1122,149
5,2,12,1124,279
3,9,12,1124,127
17,20,33,1124,162
3,9,14,1124,118
3,9,4,1124,101
17,23,33,1124,170
12,7,9,1125,119
6,2,3,1125,178
3,9,4,1125,100
3,9,0,1126,96
10,2,7,1126,105
8,7,8,1127,96
12,7,9,1127,107
3,9,3,1128,101
3,9,1,1128,121
6,2,6,1128,201
6,2,7,1130,165
6,2,14,1130,189
3,9,8,1130,99
8,7,14,1131,78
0,7,8,1131,301
15,9,4,1132,215
1,9,1,1132,211
0,7,3,1133,262
6,2,12,1133,205
11,2,4,1133,155
3,4,8,1133,71
15,9,4,1134,225
15,9,1,1134,143
11,2,2,1135,139
3,4,4,1135,64
11,2,1,1136,116
0,7,13,1137,299
5,7,7,1137,182
1,14,4,1137,99
11,2,5,1138,113
11,2,0,1138,112
3,7,6,1138,114
11,2,9,1139,98
11,2,4,1139,82
12,8,9,1139,124
11,2,6,1141,101
11,2,8,1141,92
3,8,6,1146,199
17,24,30,1148,188
12,9,8,1149,88
12,7,0,1150,114
12,7,9,1150,124
12,7,9,1151,107
12,7,0,1152,124
12,7,4,1152,106
12,9,6,1160,70
15,2,8,1161,150
6,13,0,1161,128
12,7,8,1161,86
12,7,5,1161,95
12,9,8,1161,59
12,7,2,1163,91
12,7,8,1163,94
12,7,0,1164,86
11,14,2,1168,160
8,14,0,1169,247
12,7,9,1170,81
8,4,7,1170,243
12,8,1,1171,100
12,4,1,1172,204
12,4,0,1172,197
12,7,1,1173,77
0,4,11,1174,143
0,4,9,1174,132
0,4,9,1175,144
8,14,12,1175,302
6,14,4,1176,158
0,4,9,1177,128
15,4,3,1178,155
6,14,3,1178,152
1,4,2,1179,83
6,14,5,1179,155
3,14,5,1179,212
0,2,8,1179,113
3,14,14,1180,245
1,4,12,1180,136
6,9,6,1181,111
6,9,7,1181,148
6,14,7,1182,148
6,14,2,1182,126
3,14,1,1182,199
0,4,6,1183,142
15,4,0,1183,93
6,14,5,1183,172
6,14,2,1184,137
0,9,3,1185,206
0,4,0,1185,147
6,14,11,1185,112
15,4,7,1185,170
15,4,2,1188,161
0,4,11,1188,137
6,14,12,1188,159
6,14,11,1189,118
6,7,4,1190,117
0,4,3,1190,127
0,4,5,1190,139
0,4,3,1191,137
6,14,8,1191,95
17,25,31,1192,222
3,14,12,1192,240
6,14,11,1193,109
6,14,6,1193,171
0,4,0,1194,136
6,14,8,1194,130
17,19,29,1194,162
17,23,29,1194,182
6,14,7,1195,133
17,21,32,1195,174
0,4,1,1197,105
0,9,1,1198,197
15,14,12,1199,45
17,19,32,1200,163
5,9,6,1201,96
0,4,12,1201,124
6,8,1,1201,161
5,14,8,1202,84
15,14,6,1203,48
17,19,31,1204,143
6,14,14,1204,106
17,21,30,1204,141
0,4,8,1205,94
0,4,0,1206,101
17,21,33,1206,139
0,4,0,1206,77
11,2,11,1208,143
6,8,0,1208,99
3,1,11,1209,202
11,2,0,1209,148
0,4,8,1209,79
6,8,14,1210,152
17,18,30,1211,110
11,1,14,1211,215
6,8,1,1211,139
20,17,31,1212,126
5,2,13,1213,215
6,8,5,1213,114
0,4,14,1213,118
0,4,9,1213,85
3,9,1,1213,148
3,9,7,1213,139
17,19,33,1214,131
10,2,0,1215,161
3,9,7,1215,166
3,9,1,1215,145
0,4,14,1215,82
6,2,8,1217,224
3,9,4,1217,128
3,9,5,1217,156
3,9,2,1217,138
0,4,4,1217,77
6,2,9,1218,154
6,8,8,1218,107
17,20,29,1218,200
17,25,33,1219,193
6,2,11,1219,169
3,9,7,1221,138
3,9,0,1221,142
3,9,2,1222,160
6,2,4,1222,146
3,9,4,1223,134
3,9,9,1223,136
17,21,29,1223,131
3,9,0,1224,130
11,2,4,1224,147
18,21,30,1224,125
12,7,3,1225,114
10,2,9,1225,156
3,9,3,1225,159
11,2,7,1226,154
3,4,7,1226,78
11,2,6,1226,148
12,7,1,1227,113
3,9,12,1227,173
17,22,30,1227,134
12,7,14,1228,120
11,2,2,1228,134
3,9,5,1228,118
3,4,5,1228,76
3,9,4,1229,117
8,7,14,1230,120
8,7,14,1230,59
17,25,31,1230,190
3,9,8,1231,148
8,7,1,1232,59
11,2,9,1232,149
17,24,33,1232,217
3,9,0,1233,156
3,7,4,1233,189
3,9,6,1233,125
3,4,6,1234,46
3,9,9,1234,116
11,2,1,1235,153
3,9,3,1235,112
11,2,7,1235,129
0,14,3,1236,114
3,9,13,1236,127
3,9,0,1236,131
12,2,14,1237,146
3,9,5,1237,104
11,2,4,1239,149
11,2,9,1239,146
1,14,9,1239,93
3,7,4,1241,143
11,2,13,1242,140
11,2,2,1243,139
5,13,4,1244,178
11,2,3,1244,141
1,14,0,1244,78
5,13,0,1247,192
11,2,2,1247,137
12,7,9,1249,117
12,7,4,1251,122
1,14,1,1255,50
12,7,7,1261,81
12,7,0,1261,79
12,7,4,1262,75
12,7,5,1265,75
12,7,14,1265,76
10,14,0,1265,295
8,14,4,1267,264
6,13,6,1268,162
12,14,4,1268,194
0,4,4,1271,114
12,8,3,1271,93
0,4,0,1273,111
10,14,7,1274,299
3,14,5,1275,216
18,17,33,1275,126
15,4,9,1277,84
6,9,0,1279,124
6,9,6,1280,93
3,14,13,1281,242
6,14,1,1283,182
3,14,5,1283,186
6,14,0,1284,170
6,14,3,1284,153
3,9,3,1285,163
24,17,30,1285,174
3,9,9,1286,156
17,23,29,1286,163
15,9,14,1287,235
15,9,2,1287,227
0,4,8,1287,121
6,14,14,1287,163
0,9,8,1287,241
15,9,3,1287,210
15,9,12,1288,259
6,14,0,1288,175
0,4,9,1289,120
15,9,14,1290,248
15,9,0,1290,244
15,9,4,1290,199
6,14,3,1290,153
17,19,30,1290,136
6,14,14,1291,125
6,14,1,1291,129
17,19,30,1292,99
6,14,3,1293,140
6,14,3,1293,106
17,25,31,1294,217
6,14,4,1295,112
17,19,31,1295,147
6,8,2,1295,157
6,14,7,1295,101
17,23,29,1295,176
6,14,4,1296,170
0,9,2,1296,166
0,9,1,1297,194
17,22,30,1297,208
0,4,9,1298,123
5,14,0,1299,115
17,23,30,1300,138
0,4,9,1302,120
0,4,6,1303,109
0,4,8,1303,112
0,4,1,1303,103
5,14,7,1304,101
6,8,5,1305,95
6,8,8,1307,125
6,2,5,1307,200
17,23,32,1308,180
11,2,0,1308,162
0,4,13,1308,110
3,1,4,1309,228
11,1,6,1309,261
11,1,0,1309,298
6,8,7,1309,81
0,4,3,1309,105
17,20,30,1309,129
6,8,0,1310,81
0,4,7,1311,106
6,8,3,1312,91
3,9,4,1312,171
3,9,7,1312,160
3,9,11,1312,172
3,9,8,1313,178
3,9,8,1313,157
17,25,30,1314,139
17,18,33,1314,144
3,9,11,1315,144
3,9,9,1315,169
3,9,0,1315,144
0,4,6,1315,101
17,21,30,1315,95
0,4,14,1316,104
3,9,11,1316,120
3,9,12,1316,176
6,2,6,1317,185
0,4,7,1317,103
17,25,30,1317,138
3,9,12,1318,164
3,9,6,1318,164
6,2,4,1319,179
3,9,5,1319,119
3,9,6,1319,144
3,9,11,1319,160
3,9,3,1320,132
15,14,2,1320,37
3,9,11,1321,129
3,9,0,1321,112
3,9,6,1322,121
6,2,3,1322,220
3,9,6,1322,163
17,21,33,1322,123
3,9,5,1323,111
6,2,2,1323,199
3,9,3,1323,136
3,9,0,1324,158
12,7,5,1325,107
8,7,6,1325,77
3,9,11,1325,110
3,9,2,1325,127
3,9,7,1326,91
11,2,12,1326,151
3,9,7,1327,108
6,2,3,1327,135
17,22,29,1327,202
8,7,2,1328,52
3,4,3,1328,80
15,9,3,1329,193
8,7,14,1329,76
11,2,7,1330,132
17,20,30,1330,109
17,24,29,1331,230
0,7,1,1331,226
0,7,8,1331,247
15,9,2,1331,215
1,9,14,1332,130
17,24,33,1332,214
17,19,32,1333,112
17,23,29,1334,142
0,7,6,1334,213
6,2,5,1334,187
1,9,4,1334,159
1,9,0,1335,206
6,2,3,1336,148
15,9,14,1337,148
11,2,6,1337,164
17,22,31,1337,202
1,14,1,1338,104
17,22,33,1338,170
0,7,6,1338,183
12,2,14,1339,145
1,14,3,1339,98
11,2,8,1341,102
1,14,1,1341,74
6,2,13,1342,163
11,2,5,1342,148
11,2,4,1343,136
3,4,12,1343,33
15,14,7,1343,36
12,2,6,1344,142
1,14,14,1344,85
11,2,1,1345,159
12,7,5,1349,108
12,9,3,1350,80
5,13,7,1352,165
17,20,31,1353,135
17,22,31,1359,176
12,7,4,1362,83
15,2,7,1362,95
12,7,5,1364,101
12,7,3,1365,82
5,14,1,1365,130
12,7,1,1367,70
17,24,29,1368,228
12,4,9,1370,184
12,8,1,1372,123
15,0,6,1373,43
0,4,9,1375,134
3,14,7,1376,162
0,4,1,1377,145
3,14,1,1377,144
12,8,8,1378,91
1,4,9,1378,150
12,4,2,1379,221
6,7,1,1380,111
6,9,3,1380,117
0,4,3,1380,159
15,4,2,1380,158
6,14,6,1380,157
6,9,8,1380,159
6,9,0,1380,76
6,7,8,1381,84
0,4,1,1381,153
15,4,3,1382,176
6,14,9,1382,126
1,4,2,1383,95
15,0,12,1383,40
0,2,12,1383,152
3,14,9,1383,169
0,4,1,1384,160
0,9,2,1385,215
12,4,7,1385,229
6,14,12,1385,161
6,14,8,1385,169
0,4,5,1386,156
1,4,5,1387,134
0,4,9,1388,153
1,4,5,1388,102
6,14,14,1388,158
15,4,6,1389,133
15,4,5,1389,144
6,14,8,1389,113
17,19,30,1389,98
17,21,30,1389,145
0,4,12,1390,156
15,4,6,1390,108
0,4,11,1391,147
6,14,14,1391,116
6,14,1,1391,160
15,4,4,1392,138
0,4,0,1392,146
6,14,4,1393,116
6,14,5,1393,168
15,4,1,1394,169
6,14,9,1394,115
6,14,3,1394,112
17,19,33,1395,157
15,4,2,1396,130
6,14,9,1396,103
6,14,9,1396,113
17,19,33,1397,154
6,14,4,1397,103
0,9,0,1398,182
19,17,29,1398,110
0,4,2,1399,166
6,14,7,1399,110
0,4,14,1400,152
5,14,3,1400,113
6,14,3,1400,93
0,2,7,1401,148
0,4,3,1401,165
0,2,5,1403,137
0,4,1,1403,158
6,8,6,1404,134
5,14,8,1404,79
6,8,2,1405,69
17,25,33,1406,199
11,2,6,1408,179
0,4,0,1408,151
0,4,8,1408,159
20,17,30,1408,103
17,25,31,1408,202
11,1,7,1409,210
0,4,3,1409,148
17,25,31,1409,199
17,25,29,1410,193
6,2,5,1411,208
3,9,4,1411,177
3,9,7,1412,153
10,2,9,1413,159
12,2,0,1414,169
11,2,0,1414,197
17,25,33,1414,179
3,9,5,1415,174
0,4,2,1415,152
0,4,2,1415,143
10,2,6,1416,146
0,4,9,1416,90
3,9,5,1416,131
3,9,13,1416,173
0,4,4,1416,146
8,2,7,1417,146
3,9,7,1417,134
3,9,0,1419,137
3,9,1,1419,106
6,2,9,1421,149
3,9,9,1421,104
3,9,0,1421,122
3,9,6,1422,98
6,2,2,1422,138
17,23,31,1422,154
10,2,8,1423,84
3,9,14,1423,91
3,9,0,1423,142
3,9,2,1423,128
3,9,2,1425,102
8,7,2,1425,77
8,2,0,1425,152
0,9,2,1426,202
3,9,14,1426,115
17,21,29,1427,121
8,7,14,1428,84
12,2,8,1428,135
12,2,0,1429,97
3,9,6,1429,162
11,2,8,1430,151
15,9,5,1430,175
8,7,12,1430,73
0,7,6,1431,259
1,9,8,1431,199
0,7,0,1432,230
11,2,4,1432,146
3,7,2,1432,156
5,7,9,1433,154
15,9,6,1433,187
15,9,2,1434,131
3,7,11,1435,159
11,2,9,1436,152
3,9,12,1436,178
0,7,6,1437,219
11,2,2,1437,124
11,2,8,1438,101
17,24,33,1438,238
17,20,32,1438,135
3,1,0,1441,278
1,14,13,1441,114
17,24,32,1443,218
11,2,6,1445,85
11,1,8,1446,266
3,1,3,1448,279
12,7,6,1449,124
12,7,1,1450,131
12,7,4,1452,114
12,9,0,1452,75
12,7,6,1453,120
17,24,31,1453,182
12,7,5,1454,113
0,2,5,1455,144
17,20,32,1455,143
17,24,31,1459,171
6,13,1,1460,135
1,14,14,1461,50
12,7,5,1462,107
12,7,5,1462,87
15,2,14,1463,153
12,8,9,1464,138
12,7,5,1465,93
12,7,2,1466,80
15,2,1,1466,80
15,2,13,1467,128
12,7,8,1468,92
12,7,7,1469,69
12,7,4,1469,67
5,14,14,1469,140
12,9,5,1470,57
15,2,8,1471,103
25,24,33,1471,133
12,8,14,1471,130
15,2,5,1472,83
12,8,9,1472,100
0,4,2,1472,128
10,14,14,1473,299
15,0,2,1473,78
3,14,9,1474,196
15,4,9,1475,160
1,4,6,1476,134
1,4,8,1477,93
0,4,2,1477,187
3,14,8,1477,186
3,14,0,1478,213
6,14,7,1478,163
6,9,3,1479,127
0,4,5,1479,192
15,4,1,1479,161
1,4,6,1480,124
6,9,1,1480,146
6,9,9,1481,118
15,4,4,1481,141
1,4,14,1482,128
15,4,9,1482,136
3,14,9,1482,148
0,2,6,1483,170
15,9,5,1484,192
0,4,7,1485,198
6,14,12,1485,179
6,14,3,1486,146
15,4,9,1487,149
15,9,13,1488,213
6,14,6,1488,138
0,2,5,1489,111
0,4,12,1489,218
15,4,1,1489,87
3,14,1,1489,182
20,17,29,1489,143
6,14,1,1490,157
6,14,7,1490,163
1,4,6,1490,123
6,14,2,1491,157
6,14,9,1491,124
12,4,3,1493,237
6,14,6,1493,179
11,0,14,1493,143
0,2,0,1494,155
6,14,14,1494,98
6,14,1,1494,128
17,19,33,1495,160
15,4,11,1496,141
15,4,1,1496,146
6,14,11,1496,147
0,4,6,1497,193
0,4,1,1497,192
0,4,9,1498,168
0,4,6,1499,183
5,9,9,1501,130
0,4,13,1501,175
0,4,3,1501,169
25,24,33,1502,122
17,18,30,1503,109
5,14,1,1504,106
0,4,8,1505,190
6,8,5,1506,81
0,4,3,1507,151
6,2,7,1507,190
6,8,11,1509,158
3,9,6,1511,157
3,9,8,1512,165
6,8,11,1512,76
18,19,32,1512,137
17,20,29,1512,178
3,9,1,1513,146
17,18,32,1513,141
3,9,2,1514,135
3,9,14,1515,155
0,4,6,1515,187
0,4,6,1515,88
6,8,14,1515,100
17,20,33,1515,188
6,2,9,1516,180
3,9,9,1516,147
3,9,0,1516,145
3,9,8,1517,134
6,2,2,1517,165
3,9,2,1517,130
3,9,2,1517,123
3,9,7,1518,122
3,9,8,1518,112
3,9,9,1519,109
3,9,5,1520,140
15,14,7,1520,39
6,2,11,1520,183
0,9,8,1520,200
3,9,8,1521,109
0,9,5,1521,227
6,2,11,1523,212
3,9,3,1524,121
17,23,32,1524,142
3,9,14,1524,119
3,9,4,1524,102
3,9,14,1525,135
3,9,4,1525,123
17,24,33,1525,204
8,7,6,1525,55
11,2,7,1527,131
3,4,11,1527,85
17,20,31,1528,182
8,7,12,1529,71
6,2,4,1529,190
12,2,9,1530,84
3,9,14,1530,116
0,7,9,1531,280
6,2,6,1531,159
17,25,29,1531,155
0,7,1,1531,209
11,2,9,1532,136
11,2,1,1533,120
17,18,32,1533,122
17,25,33,1533,180
5,7,13,1535,187
11,2,14,1535,146
11,2,11,1535,114
18,19,29,1535,136
3,9,12,1535,108
11,2,2,1538,127
3,7,12,1539,173
12,9,7,1539,106
11,2,1,1540,123
11,2,3,1540,112
11,1,8,1541,323
1,14,13,1541,88
1,14,9,1542,60
17,22,33,1543,168
3,4,9,1547,26
17,24,29,1549,225
12,7,14,1552,133
6,13,1,1553,150
12,9,0,1553,65
0,2,6,1554,187
3,4,9,1554,27
25,24,32,1561,129
0,2,4,1561,198
12,7,13,1563,102
15,2,11,1563,136
15,2,3,1564,122
12,8,1,1564,121
18,17,30,1565,117
3,4,12,1565,31
5,14,2,1566,194
12,7,12,1567,91
12,7,14,1567,90
5,14,8,1567,183
17,24,31,1567,201
8,14,1,1568,273
17,24,31,1570,179
12,4,11,1570,163
12,7,11,1571,69
3,14,2,1573,216
0,4,12,1574,138
0,4,9,1576,219
15,2,1,1576,94
1,4,8,1577,102
0,4,14,1578,132
15,4,11,1579,173
6,14,1,1579,120
15,0,3,1580,33
6,9,5,1580,93
17,25,30,1580,183
15,4,7,1581,122
5,14,5,1581,218
0,4,12,1582,221
15,4,0,1582,120
5,14,8,1583,207
3,14,8,1583,164
5,14,1,1584,159
1,9,9,1584,187
1,9,0,1585,251
6,14,1,1586,167
15,4,14,1586,142
15,4,2,1587,133
15,9,14,1588,271
6,14,0,1588,178
3,14,7,1588,165
0,9,8,1588,273
6,14,7,1588,130
19,18,30,1588,110
0,9,11,1589,231
3,14,5,1589,198
15,4,6,1590,122
0,9,5,1590,160
0,2,3,1591,183
6,14,2,1591,157
17,25,33,1591,187
15,9,8,1592,221
15,9,12,1592,281
15,4,14,1592,187
0,4,5,1592,202
15,4,4,1592,101
0,4,7,1592,127
6,14,0,1592,142
6,14,13,1593,191
6,14,1,1594,118
15,4,0,1595,115
6,14,5,1595,128
6,14,0,1596,150
0,4,3,1596,228
22,25,33,1596,166
17,19,32,1596,160
6,14,6,1597,102
6,14,3,1597,155
17,21,33,1597,165
6,14,5,1599,148
0,4,5,1600,207
0,4,12,1601,233
6,14,7,1601,120
6,14,4,1602,103
0,4,11,1602,219
6,14,14,1602,140
0,4,4,1604,229
0,4,5,1604,137
0,4,8,1605,70
5,9,14,1606,98
0,4,3,1607,234
17,22,30,1607,169
5,2,7,1607,193
0,4,4,1608,146
3,1,6,1608,263
5,2,11,1608,184
11,2,5,1608,134
3,1,3,1609,181
11,2,9,1610,162
10,2,7,1610,131
6,8,3,1610,157
3,9,9,1611,162
11,2,4,1611,162
0,4,4,1611,192
6,8,5,1612,153
0,9,14,1612,264
11,1,4,1612,202
0,4,9,1612,74
17,18,29,1612,161
6,2,11,1613,236
6,2,9,1613,195
3,9,8,1613,175
0,4,8,1613,188
11,2,6,1614,149
3,9,8,1614,150
3,9,2,1614,153
11,2,14,1615,140
3,9,1,1616,146
3,9,6,1616,145
24,17,31,1616,153
6,2,1,1617,215
17,19,32,1617,104
11,4,5,1618,163
17,24,31,1618,210
3,9,6,1619,165
6,2,8,1620,159
3,9,9,1620,169
3,9,5,1621,161
3,9,13,1622,157
6,2,5,1623,201
17,20,32,1623,138
3,9,3,1624,133
6,2,4,1625,202
3,9,1,1625,116
3,4,9,1625,86
8,7,6,1625,96
12,7,9,1625,110
6,2,5,1626,178
6,2,7,1627,191
3,9,8,1627,191
3,9,9,1627,131
3,9,5,1627,161
3,4,2,1627,84
17,18,31,1628,130
6,2,9,1629,163
3,9,6,1630,133
0,7,7,1631,289
11,2,6,1631,153
6,2,1,1633,181
3,4,8,1633,82
8,2,6,1634,251
3,9,12,1634,146
3,9,3,1634,127
17,24,33,1634,232
17,25,31,1634,192
3,4,5,1635,76
17,24,31,1635,223
17,23,31,1635,133
3,7,14,1636,177
17,25,29,1637,170
0,14,0,1638,246
6,13,3,1640,150
17,22,31,1641,193
17,20,33,1641,138
3,4,1,1643,39
3,4,7,1644,41
17,22,33,1648,168
17,20,31,1649,135
12,7,9,1650,117
12,7,3,1650,124
3,4,7,1650,28
6,13,14,1651,145
12,7,4,1651,116
0,2,1,1653,192
0,2,8,1655,207
12,7,5,1659,108
15,2,0,1659,149
12,7,5,1659,103
3,4,3,1660,29
12,7,4,1664,89
12,7,12,1665,115
12,7,5,1665,83
12,7,0,1666,70
5,14,11,1668,135
12,4,2,1670,139
8,4,11,1670,223
11,14,12,1672,213
0,4,12,1673,200
0,4,5,1673,251
17,24,31,1673,231
0,4,9,1673,278
10,14,14,1674,266
3,14,5,1675,195
0,4,14,1675,286
0,4,1,1676,208
15,4,4,1676,123
0,4,1,1677,118
15,4,5,1678,165
3,14,3,1678,168
0,4,3,1679,238
10,14,14,1679,266
6,7,9,1679,103
15,4,2,1679,166
5,14,11,1680,143
6,9,0,1680,180
15,4,5,1680,138
3,14,14,1680,237
19,18,32,1681,142
6,7,6,1682,96
3,14,8,1682,224
15,4,11,1683,149
0,2,0,1684,165
15,4,6,1684,133
6,14,4,1685,202
1,9,2,1685,202
15,4,3,1686,117
6,14,7,1686,187
0,9,6,1687,358
0,4,0,1687,174
6,14,14,1688,175
6,14,5,1688,191
6,14,6,1689,159
6,14,1,1690,169
6,14,1,1691,134
6,14,12,1693,203
6,14,6,1693,164
15,4,4,1694,112
6,14,4,1694,110
0,4,7,1695,241
6,14,14,1695,125
6,14,1,1695,186
25,24,29,1695,132
17,19,32,1696,126
6,14,5,1696,102
6,14,8,1696,143
20,23,33,1696,198
6,14,1,1698,99
6,14,4,1698,111
0,9,1,1699,301
0,4,3,1699,205
17,19,32,1699,154
0,4,7,1700,176
6,14,13,1700,113
0,4,0,1701,180
17,19,31,1701,114
5,9,4,1701,107
0,4,1,1702,194
5,14,5,1702,134
5,14,11,1703,138
0,4,4,1703,179
6,8,8,1704,156
0,4,3,1704,176
6,8,3,1705,154
0,4,2,1706,175
17,25,33,1706,223
6,8,2,1706,123
5,2,8,1707,240
11,2,9,1707,221
6,8,14,1708,119
11,1,7,1708,224
11,1,5,1709,213
11,2,6,1709,207
11,1,7,1710,226
11,2,1,1711,194
0,4,4,1711,75
25,17,32,1711,179
3,9,6,1711,166
0,4,0,1711,180
3,9,8,1712,154
6,2,14,1712,207
3,9,7,1712,172
0,4,14,1712,171
17,18,29,1714,179
11,1,12,1714,264
3,9,8,1714,136
11,2,1,1715,183
0,4,5,1715,178
3,9,13,1716,171
3,9,3,1716,138
17,23,33,1716,156
17,20,30,1716,145
0,4,4,1717,162
3,9,14,1717,165
3,9,9,1717,102
3,9,4,1717,124
17,25,31,1718,192
3,9,0,1719,163
3,9,0,1719,171
11,4,8,1719,214
3,9,3,1719,117
3,9,5,1719,149
5,2,8,1720,185
3,9,0,1720,168
17,19,29,1720,113
17,20,30,1720,124
3,9,6,1721,129
3,9,7,1721,120
11,2,5,1721,178
3,9,3,1721,167
17,18,33,1722,131
6,2,9,1723,117
3,9,9,1723,130
5,2,0,1723,255
11,2,8,1724,164
3,9,8,1725,157
8,7,3,1725,120
3,4,9,1725,81
3,9,12,1726,107
11,2,5,1727,145
3,9,14,1727,119
8,7,4,1727,76
17,21,31,1727,122
12,7,14,1728,114
15,9,4,1728,195
17,22,30,1728,164
3,9,11,1728,95
8,7,0,1729,92
6,2,4,1729,183
3,9,13,1730,107
3,9,12,1730,151
17,25,29,1730,162
17,24,32,1731,260
0,7,6,1732,351
0,7,3,1732,352
6,2,0,1732,206
11,2,13,1732,226
3,9,9,1733,104
3,9,8,1733,135
17,21,31,1733,125
11,2,2,1734,194
15,9,5,1734,151
6,2,4,1734,148
17,25,31,1734,182
6,2,3,1735,213
15,9,2,1735,216
15,9,5,1735,211
1,14,0,1736,116
6,2,4,1736,138
3,7,9,1737,152
15,9,4,1737,187
11,2,3,1737,168
3,7,5,1738,142
17,22,31,1742,210
17,20,29,1742,151
11,2,1,1742,80
0,7,14,1744,316
3,8,2,1747,188
12,9,7,1749,83
12,7,9,1750,130
17,24,33,1754,228
17,24,30,1755,171
12,7,3,1759,106
15,2,5,1761,130
12,7,6,1765,75
12,7,12,1766,79
5,14,5,1766,190
12,9,8,1767,55
12,7,0,1768,72
11,14,14,1770,241
0,4,4,1770,218
18,17,32,1771,157
12,7,9,1772,68
12,4,5,1772,153
12,8,5,1773,104
15,0,0,1773,86
0,4,7,1774,228
0,4,4,1777,238
11,14,8,1778,164
0,4,1,1779,231
6,14,1,1779,163
0,4,9,1780,209
6,14,7,1781,151
3,14,6,1781,245
6,9,14,1782,171
6,14,9,1782,115
6,9,12,1782,99
0,4,6,1783,214
17,19,30,1783,126
0,4,2,1784,207
6,13,11,1784,174
8,14,14,1784,288
6,14,5,1784,158
19,17,31,1784,114
15,0,3,1785,33
0,9,8,1785,305
6,14,4,1785,143
0,4,7,1786,134
6,14,9,1786,161
0,4,11,1788,106
15,9,12,1788,212
6,14,2,1788,176
15,0,6,1789,34
0,4,4,1789,197
6,14,2,1790,157
6,14,9,1790,124
0,4,0,1791,200
20,17,29,1791,147
6,14,4,1792,122
0,4,9,1792,136
1,4,13,1794,120
6,14,1,1794,147
6,14,11,1796,109
0,4,3,1798,199
6,14,5,1798,119
0,2,3,1798,157
trip_data_format_1_1_end
