trip_data_format_1_1
0,4,9,1800,204
17,19,32,1801,122
0,4,7,1802,210
6,14,12,1802,101
6,14,9,1802,116
6,8,8,1803,136
5,14,0,1803,121
6,14,4,1803,98
0,4,14,1805,194
0,4,8,1806,186
0,4,5,1808,173
11,1,2,1808,157
0,2,14,1808,134
0,4,2,1808,184
11,1,9,1809,297
11,2,9,1809,203
22,25,33,1809,143
5,2,4,1810,251
17,22,32,1810,196
5,2,8,1811,254
3,9,2,1811,178
5,2,5,1812,266
0,4,1,1812,157
0,4,8,1812,139
17,18,33,1813,138
11,2,6,1813,194
3,9,7,1813,157
8,2,3,1814,142
3,9,8,1814,179
17,19,33,1815,112
3,9,6,1816,180
8,2,5,1816,234
11,2,9,1817,183
3,9,14,1817,151
3,9,12,1817,180
3,9,7,1817,166
0,4,6,1817,148
0,4,8,1818,182
3,9,6,1818,170
6,2,0,1819,178
3,9,3,1819,145
3,9,5,1820,152
3,9,11,1820,161
3,9,2,1821,144
5,2,7,1822,215
3,9,3,1822,148
3,9,7,1823,91
3,9,1,1823,176
11,2,14,1824,160
8,7,4,1825,88
11,2,6,1825,200
3,9,4,1825,149
3,4,9,1826,85
5,2,13,1826,218
3,9,6,1826,163
11,2,7,1827,159
3,9,1,1827,136
3,9,5,1827,154
3,4,6,1827,77
8,7,14,1828,137
6,2,2,1828,123
3,9,7,1829,134
8,7,2,1829,72
11,2,13,1829,197
3,9,14,1829,125
11,2,3,1830,193
0,7,8,1831,227
3,9,6,1831,106
3,9,1,1831,128
3,9,12,1832,134
3,9,2,1833,105
3,9,0,1833,140
3,9,7,1833,107
3,7,11,1834,193
1,9,5,1834,200
11,2,12,1834,181
3,9,2,1835,127
11,2,3,1835,162
10,2,3,1836,104
24,25,30,1837,102
17,22,31,1837,182
17,20,31,1837,170
3,9,6,1838,107
3,7,7,1839,105
0,7,8,1839,264
0,14,14,1840,105
11,2,0,1840,126
1,14,9,1841,81
12,9,12,1843,112
0,7,4,1846,290
3,4,14,1851,30
0,2,1,1852,178
0,2,7,1854,202
17,20,32,1856,138
17,24,29,1857,222
12,7,0,1858,126
12,7,2,1859,123
12,7,0,1860,119
15,2,1,1860,135
12,7,3,1865,105
5,14,5,1866,216
5,14,3,1866,167
8,14,0,1868,243
12,7,3,1869,93
12,14,8,1869,253
12,7,4,1870,85
8,4,4,1870,236
8,14,1,1871,243
12,7,1,1872,82
8,4,7,1872,250
12,4,6,1872,168
15,0,4,1873,45
0,4,3,1873,146
3,14,6,1876,204
12,4,14,1877,207
3,14,8,1878,197
0,4,4,1879,229
12,8,1,1880,117
6,9,1,1880,152
6,9,4,1880,144
1,4,8,1880,108
3,14,5,1880,242
6,9,14,1882,137
15,4,14,1882,158
17,19,30,1882,144
15,4,2,1883,112
6,9,5,1883,129
6,9,6,1883,92
15,9,1,1884,195
15,4,3,1884,125
21,17,33,1885,151
15,4,1,1885,123
1,9,8,1886,250
0,4,13,1886,193
15,4,3,1886,136
6,14,11,1886,161
3,9,5,1886,173
0,4,11,1887,129
3,14,5,1887,198
15,4,8,1887,179
6,14,11,1888,168
0,9,7,1889,301
3,9,1,1889,162
6,14,7,1889,166
1,9,11,1890,255
0,4,5,1890,114
6,14,4,1890,165
1,9,3,1891,229
6,14,4,1891,109
0,9,11,1892,295
0,4,6,1893,193
0,4,1,1894,190
6,14,14,1894,161
6,8,2,1895,142
0,2,3,1897,151
6,14,14,1899,134
6,14,12,1899,165
17,19,29,1899,105
6,14,1,1900,141
0,4,3,1901,134
5,14,8,1901,145
0,4,5,1905,183
25,17,30,1905,158
5,14,4,1905,154
17,19,30,1905,100
6,8,0,1907,128
17,22,30,1907,172
0,4,14,1907,181
0,4,4,1907,185
6,8,1,1908,134
11,1,3,1908,196
11,1,4,1909,170
6,8,4,1910,109
11,1,0,1910,206
11,1,14,1911,307
6,8,3,1912,141
24,25,31,1912,123
3,1,11,1913,203
3,9,8,1913,157
3,9,4,1913,170
3,9,6,1914,176
0,4,12,1914,157
24,25,30,1914,104
3,9,3,1914,151
17,24,30,1915,201
3,9,5,1916,181
0,4,0,1916,84
3,9,6,1917,158
11,2,9,1918,221
3,9,8,1918,154
0,4,1,1918,162
17,24,30,1919,189
17,18,31,1919,153
3,9,2,1919,141
3,9,8,1920,128
0,4,6,1920,164
3,9,2,1920,151
24,25,29,1920,123
3,9,2,1921,153
11,2,1,1921,184
17,23,33,1922,169
17,20,32,1922,186
3,9,3,1923,148
17,18,29,1923,138
6,2,14,1924,203
1,9,0,1924,162
17,23,31,1924,154
3,9,12,1924,172
11,2,5,1925,163
12,7,5,1925,105
12,7,0,1925,112
11,2,1,1925,215
17,18,30,1925,123
3,9,9,1926,155
8,7,0,1927,107
11,2,11,1927,185
3,9,5,1927,120
8,7,0,1927,101
3,9,2,1927,145
17,18,29,1928,131
17,23,29,1928,154
3,9,12,1928,142
8,7,5,1929,71
15,9,0,1929,159
8,7,5,1929,69
3,9,0,1930,100
17,24,33,1930,268
3,9,2,1931,130
3,7,11,1931,181
0,7,8,1932,342
3,9,0,1932,116
3,9,14,1932,117
17,25,32,1932,195
17,23,33,1933,136
17,22,32,1933,196
6,2,6,1934,156
3,9,11,1934,100
17,18,31,1934,130
17,22,30,1934,170
0,7,4,1935,191
3,9,0,1935,121
1,9,1,1935,210
12,2,8,1935,179
0,9,9,1935,149
1,9,11,1936,213
12,2,8,1937,140
3,9,12,1938,140
11,2,11,1939,127
3,4,8,1940,50
1,14,14,1942,97
0,7,3,1944,265
17,22,32,1945,187
6,13,7,1952,142
3,4,2,1955,28
12,7,8,1960,92
12,7,3,1960,93
12,8,0,1960,138
12,8,4,1962,134
12,8,4,1962,133
12,7,5,1963,94
8,14,8,1965,255
10,14,7,1966,254
12,4,0,1970,216
12,14,14,1970,212
12,7,14,1971,94
0,4,3,1972,195
15,0,9,1973,48
19,17,32,1973,130
12,9,0,1974,55
15,0,4,1974,39
0,2,8,1975,122
3,14,6,1975,208
18,17,31,1975,136
0,4,11,1976,161
0,4,6,1976,170
3,14,0,1978,211
1,4,9,1978,151
3,14,9,1978,183
18,17,32,1978,124
6,14,4,1980,145
6,9,3,1981,142
0,4,4,1982,212
17,23,30,1983,158
6,14,11,1983,151
0,9,2,1984,277
0,4,14,1985,195
0,4,13,1985,215
6,14,0,1985,164
3,14,0,1985,234
6,14,4,1985,120
1,4,1,1986,161
6,14,1,1987,161
25,17,29,1987,194
0,4,14,1987,196
6,14,11,1988,107
0,4,0,1988,205
6,14,5,1988,166
6,14,8,1988,160
15,4,11,1989,115
6,14,5,1989,139
6,14,4,1990,156
15,4,2,1991,87
6,14,1,1991,148
17,19,33,1992,140
0,4,6,1993,128
6,14,0,1993,108
0,4,3,1994,128
0,2,4,1995,167
6,8,1,1995,155
6,14,12,1996,105
19,18,32,1996,124
0,9,1,1997,259
0,4,7,1998,188
5,9,3,1998,74
5,9,14,2000,122
0,4,2,2000,192
6,8,11,2001,71
15,4,12,2001,180
5,14,9,2001,148
0,4,0,2002,131
5,9,9,2002,79
5,14,4,2002,101
0,4,4,2003,199
6,8,1,2004,144
0,4,11,2005,118
5,14,0,2005,109
11,2,9,2007,234
6,8,3,2007,128
0,4,1,2008,183
11,1,3,2009,189
11,2,1,2009,181
6,8,9,2009,150
6,0,14,2009,145
0,4,3,2009,182
0,4,3,2010,192
17,23,30,2010,151
6,8,14,2011,98
3,9,8,2011,156
3,9,5,2012,172
0,4,4,2012,83
3,9,1,2013,180
11,2,3,2014,222
0,4,6,2014,176
17,21,33,2014,163
3,9,5,2014,170
0,4,8,2014,189
0,4,1,2014,168
17,21,31,2014,143
3,9,9,2015,166
3,9,9,2015,176
11,2,14,2016,238
6,8,4,2016,98
3,9,7,2016,168
11,2,1,2017,235
3,9,7,2017,158
3,9,7,2018,152
3,9,6,2019,162
3,9,3,2019,159
17,22,32,2019,202
3,9,6,2019,146
3,9,5,2020,147
17,25,32,2020,171
3,9,0,2021,109
3,9,1,2021,112
3,9,4,2022,140
11,2,8,2022,163
1,9,5,2022,153
17,24,31,2022,212
3,9,4,2024,99
17,24,29,2024,223
17,25,30,2024,165
8,7,7,2025,145
8,7,1,2025,76
3,9,4,2026,134
8,2,13,2026,183
3,9,2,2026,91
8,7,7,2027,103
3,9,4,2027,140
17,19,31,2027,110
17,18,29,2027,151
17,21,29,2027,157
11,2,12,2028,204
3,9,0,2028,131
15,9,11,2029,170
3,9,11,2029,131
11,2,12,2029,177
17,18,30,2029,136
0,7,0,2030,302
17,25,29,2030,189
6,2,2,2031,182
3,9,7,2031,111
0,7,0,2031,350
6,2,3,2032,136
3,9,6,2032,108
6,2,0,2033,177
15,9,9,2033,190
3,7,8,2033,175
6,2,6,2033,155
6,2,4,2034,143
15,9,5,2035,131
3,7,6,2035,175
3,4,12,2035,64
17,18,32,2035,160
3,7,9,2037,161
1,14,0,2037,79
1,14,5,2038,64
17,22,31,2039,196
12,9,4,2041,96
17,18,33,2043,136
1,14,2,2045,47
3,4,7,2046,37
3,4,11,2049,33
17,18,31,2049,117
3,4,4,2050,34
12,7,4,2051,127
3,4,12,2054,33
25,24,33,2058,131
17,20,31,2060,164
15,2,1,2061,152
17,24,29,2063,217
17,24,29,2064,220
12,8,14,2064,132
12,7,1,2066,114
5,14,2,2066,164
12,8,14,2068,133
12,7,7,2068,111
12,7,11,2069,100
10,14,2,2070,321
5,14,12,2071,222
12,7,14,2072,98
12,4,14,2072,179
12,14,7,2072,198
0,4,4,2073,204
12,4,1,2073,153
15,0,0,2073,70
12,7,5,2074,89
12,4,9,2074,224
12,7,2,2075,71
0,4,2,2075,127
0,4,14,2075,141
10,14,0,2076,298
6,14,4,2076,140
18,17,31,2076,165
0,4,6,2076,212
12,14,9,2077,130
6,14,6,2078,139
6,9,3,2079,113
6,9,2,2079,144
5,14,5,2079,136
0,4,1,2080,183
15,4,1,2082,109
6,9,13,2083,146
15,4,0,2083,157
5,14,12,2084,173
12,8,6,2085,113
12,8,7,2085,107
15,9,11,2085,254
0,4,14,2085,230
15,9,6,2085,232
1,9,8,2086,262
3,9,14,2087,153
15,9,0,2087,226
6,14,14,2087,162
17,25,31,2088,177
15,4,5,2088,93
0,2,8,2089,165
1,9,14,2089,230
6,14,14,2089,185
3,14,12,2090,221
6,14,4,2090,148
0,4,1,2092,109
0,4,14,2092,188
0,4,12,2092,194
6,14,2,2093,129
0,4,12,2095,187
6,14,7,2095,103
0,4,0,2095,175
0,4,6,2095,160
6,14,4,2096,117
0,2,8,2097,130
0,9,0,2097,270
17,21,30,2098,165
0,4,9,2098,184
5,14,7,2100,86
15,9,12,2101,265
15,9,1,2101,245
0,4,4,2101,148
17,22,30,2102,160
0,9,5,2102,268
6,8,2,2103,81
6,8,3,2103,151
5,9,7,2103,131
0,4,11,2103,166
17,21,29,2103,138
15,9,12,2104,225
11,2,9,2107,206
11,2,8,2107,183
0,4,6,2107,166
17,25,31,2108,208
20,17,32,2108,134
11,1,1,2109,217
6,2,9,2109,194
0,4,14,2109,150
6,13,7,2109,155
5,2,0,2110,198
0,9,14,2110,222
17,25,30,2111,190
3,9,5,2111,155
3,9,3,2113,176
24,17,30,2113,150
3,9,4,2115,154
3,9,3,2115,152
0,4,13,2115,79
0,4,7,2115,144
19,17,32,2115,114
17,21,31,2115,140
0,4,6,2116,127
3,9,5,2117,149
3,9,8,2117,142
0,4,4,2117,121
0,9,12,2118,268
3,9,9,2118,119
6,2,8,2118,165
3,9,8,2118,125
3,9,3,2118,142
17,24,30,2118,219
3,9,3,2119,100
0,4,2,2119,128
17,23,33,2119,151
3,9,6,2119,138
18,19,32,2120,139
3,9,13,2120,187
3,9,6,2121,121
6,2,2,2121,127
3,9,12,2121,145
3,9,12,2123,157
6,2,12,2123,220
1,9,5,2124,160
6,2,11,2125,191
12,7,2,2125,116
3,9,12,2125,117
3,9,8,2126,97
17,24,32,2126,274
11,2,3,2127,213
3,9,4,2127,110
11,2,4,2128,213
3,9,11,2128,110
15,9,13,2128,186
15,9,4,2128,161
8,7,14,2129,108
0,9,14,2129,261
8,7,12,2130,100
8,7,7,2131,61
6,2,1,2131,216
15,9,1,2131,153
8,7,5,2131,83
17,18,29,2131,131
3,7,2,2132,121
3,4,5,2133,75
17,25,31,2133,177
17,20,31,2133,147
3,7,3,2135,120
3,7,14,2136,145
11,2,4,2138,217
1,14,2,2138,73
12,8,1,2139,133
3,4,14,2142,34
6,2,14,2144,243
11,2,14,2144,207
0,7,6,2145,239
11,2,4,2146,191
3,4,7,2149,27
17,24,33,2150,235
11,2,13,2150,248
11,2,9,2152,226
11,2,2,2153,199
1,14,14,2153,52
0,2,6,2156,138
12,7,5,2158,86
1,14,9,2159,50
12,7,3,2161,110
15,2,8,2161,146
1,14,7,2162,47
12,7,5,2165,74
17,24,33,2166,220
19,18,32,2166,138
12,7,9,2167,67
15,2,8,2169,76
0,4,2,2170,162
12,7,12,2171,81
11,14,12,2171,276
1,4,9,2172,60
10,14,9,2172,313
12,14,8,2172,160
0,4,1,2173,146
15,0,3,2173,68
11,14,5,2174,190
11,14,9,2174,186
3,14,2,2175,230
1,4,7,2176,111
0,4,9,2177,163
3,14,11,2177,143
15,4,0,2178,163
0,4,0,2179,144
6,14,4,2179,150
15,4,3,2180,141
3,14,7,2180,208
6,14,6,2180,125
0,4,9,2180,158
6,9,1,2181,190
6,9,6,2181,106
6,9,0,2182,145
6,9,9,2182,196
15,4,5,2182,158
15,4,2,2182,102
6,14,5,2182,127
6,14,11,2183,166
15,4,0,2183,99
15,4,8,2183,94
3,14,7,2185,203
15,4,3,2186,159
3,14,4,2187,155
17,21,30,2187,107
6,14,14,2187,144
20,17,31,2188,141
6,14,4,2189,170
6,14,14,2189,129
0,4,1,2191,152
0,4,4,2191,136
17,25,29,2191,218
15,4,12,2192,135
6,14,11,2192,99
6,7,5,2192,57
0,4,6,2193,146
3,14,14,2193,207
0,4,7,2194,140
17,19,32,2194,159
0,4,7,2195,141
17,20,30,2195,173
6,14,4,2195,158
0,2,5,2196,120
19,18,32,2196,135
0,2,6,2197,113
0,9,8,2197,233
0,4,8,2197,138
24,17,32,2199,217
17,19,32,2199,150
6,14,14,2201,142
17,19,33,2201,159
6,14,4,2202,119
17,23,30,2202,147
6,14,8,2202,133
17,19,31,2203,131
17,23,33,2204,181
0,2,6,2205,100
0,4,11,2205,133
5,14,14,2205,154
6,8,7,2206,132
5,14,14,2206,132
6,2,7,2207,205
21,17,29,2207,125
17,21,30,2207,134
12,2,7,2208,173
0,4,14,2208,130
17,19,32,2208,138
6,8,5,2208,76
5,14,3,2208,161
11,1,0,2209,279
0,4,1,2209,126
11,2,0,2209,254
11,1,5,2210,173
6,2,3,2210,188
0,4,5,2211,125
25,17,29,2211,214
17,18,33,2211,171
17,21,33,2211,120
11,2,6,2212,255
3,9,5,2212,175
11,1,13,2213,307
3,9,7,2213,162
0,4,5,2213,124
17,20,30,2213,153
3,9,5,2214,141
3,9,11,2214,159
3,9,11,2214,153
0,4,8,2214,79
6,2,2,2215,164
17,22,32,2215,222
8,2,8,2216,164
3,9,4,2216,138
3,9,9,2216,145
0,4,3,2216,121
3,9,7,2217,119
0,4,4,2217,110
3,9,12,2217,181
3,9,6,2218,149
3,9,6,2218,105
11,2,14,2220,147
3,9,14,2220,148
3,9,5,2220,101
11,2,2,2221,203
3,9,1,2221,92
3,9,3,2222,147
15,9,4,2223,148
3,9,14,2224,133
3,4,6,2224,90
11,2,7,2225,253
8,7,9,2225,103
8,7,7,2225,89
3,9,6,2225,93
3,9,3,2226,137
6,2,14,2227,156
3,9,6,2227,118
8,7,14,2229,60
11,2,7,2229,205
17,19,33,2229,124
11,2,7,2230,146
0,7,2,2230,291
11,2,9,2230,270
0,7,1,2231,295
11,2,9,2231,241
11,2,9,2231,209
17,19,33,2231,121
17,20,32,2232,200
0,9,13,2232,227
11,2,5,2233,173
0,7,4,2233,323
15,9,4,2233,178
17,24,33,2233,258
12,2,6,2234,122
12,2,1,2234,158
17,21,32,2234,148
15,9,0,2235,137
17,21,29,2235,147
6,2,3,2236,152
15,9,1,2236,144
1,14,0,2238,114
3,7,8,2238,159
3,4,9,2239,63
1,14,1,2239,56
1,14,0,2240,51
17,22,31,2243,190
3,4,3,2244,55
17,18,32,2246,130
3,8,0,2246,178
3,4,3,2246,42
12,7,8,2250,117
17,24,29,2255,209
17,24,29,2257,209
12,7,11,2260,87
12,8,1,2263,132
12,8,9,2263,125
17,24,29,2265,215
15,2,1,2266,155
5,14,9,2266,195
5,14,6,2267,194
12,7,6,2268,68
15,2,5,2269,76
5,14,9,2269,173
12,4,0,2270,160
5,14,7,2270,161
5,14,2,2271,143
11,14,0,2272,275
12,4,1,2272,160
11,14,6,2272,266
11,14,4,2273,192
0,4,0,2274,143
10,14,5,2274,301
12,8,14,2275,91
0,4,6,2276,164
0,4,4,2278,129
24,25,32,2278,126
6,9,7,2279,122
6,9,4,2280,152
6,9,5,2281,137
11,14,7,2281,174
12,4,9,2281,184
6,9,7,2282,130
6,9,1,2282,99
0,4,3,2282,154
15,4,1,2282,98
1,4,0,2283,133
0,9,11,2284,226
3,14,1,2284,172
0,4,6,2285,142
6,14,11,2285,148
0,9,1,2285,251
0,4,14,2285,163
6,14,0,2286,169
0,4,3,2286,129
0,4,1,2286,132
1,4,8,2287,155
6,14,11,2287,142
0,9,2,2287,231
15,4,7,2287,157
11,0,7,2288,206
0,2,6,2288,105
15,4,9,2289,128
3,14,1,2290,220
17,21,30,2290,131
3,14,11,2291,217
6,14,12,2291,160
15,4,6,2292,124
6,14,0,2292,139
6,14,6,2293,104
6,14,5,2294,118
0,2,4,2295,99
0,4,0,2295,123
17,19,33,2295,138
6,14,2,2296,96
3,14,14,2296,246
17,19,32,2296,142
5,9,7,2296,108
0,2,6,2297,94
6,14,14,2297,95
17,19,30,2297,117
6,14,11,2298,148
6,14,2,2299,102
22,25,31,2299,173
6,14,9,2300,116
0,2,6,2301,95
6,14,11,2301,133
6,14,4,2302,126
6,8,9,2302,160
0,4,7,2303,133
6,8,2,2303,69
5,14,8,2303,131
0,4,3,2304,122
0,4,7,2306,112
12,2,8,2307,177
12,2,8,2308,185
11,1,4,2309,292
11,1,3,2309,259
0,4,14,2309,121
6,8,0,2309,166
11,1,8,2310,213
6,2,3,2310,200
17,20,31,2310,179
11,2,0,2311,195
3,9,9,2313,167
3,9,9,2313,167
0,4,4,2313,97
24,17,31,2313,153
17,24,30,2314,237
3,9,11,2314,165
3,9,11,2314,163
6,8,8,2315,98
3,9,2,2315,167
3,9,4,2315,119
3,9,2,2315,128
3,9,0,2315,152
0,4,7,2315,99
17,23,32,2316,142
6,2,5,2316,124
3,9,3,2316,165
3,9,4,2316,164
0,4,11,2316,97
3,9,8,2317,161
3,9,6,2317,154
3,9,8,2319,166
3,9,4,2320,137
3,9,6,2321,160
3,9,14,2321,124
3,9,6,2322,164
17,20,32,2322,183
17,24,33,2322,270
17,25,33,2322,157
0,4,3,2323,139
11,2,3,2323,237
11,2,0,2323,225
11,2,7,2325,192
3,9,7,2325,121
3,9,1,2325,106
8,7,3,2325,62
11,2,2,2326,186
3,9,1,2326,131
3,4,1,2326,72
8,7,6,2327,63
11,2,9,2327,147
3,9,5,2328,133
11,2,6,2328,148
3,9,6,2328,136
11,2,5,2330,139
3,9,7,2330,100
17,23,33,2330,153
3,9,14,2331,102
0,7,2,2332,272
0,7,9,2332,267
1,9,0,2332,177
0,7,12,2335,273
3,7,8,2336,160
1,9,9,2336,170
3,9,0,2336,129
1,9,3,2336,146
3,4,5,2336,32
17,25,29,2336,166
11,2,2,2338,136
12,9,7,2339,100
11,2,12,2341,146
11,2,3,2342,128
12,8,12,2342,139
1,14,3,2342,54
1,14,3,2344,56
11,2,7,2344,82
11,2,1,2345,102
17,22,31,2345,195
1,14,2,2346,56
17,22,31,2347,159
12,7,2,2350,115
12,9,6,2351,90
17,18,32,2355,130
12,7,13,2356,114
17,18,31,2357,122
12,9,9,2361,73
12,7,9,2361,108
15,2,1,2364,111
5,14,2,2368,151
12,7,12,2369,96
12,4,1,2370,124
8,4,7,2372,202
8,14,5,2372,228
0,4,14,2373,142
10,14,3,2373,330
0,4,7,2373,138
15,0,0,2373,79
12,7,7,2374,92
3,14,4,2374,227
21,17,30,2375,113
12,8,8,2375,101
0,4,12,2375,115
12,4,9,2376,151
1,4,8,2376,86
3,14,6,2376,156
1,4,3,2377,137
11,14,9,2377,184
6,14,1,2377,164
3,14,1,2378,184
6,9,6,2379,157
8,0,7,2379,293
6,9,0,2380,163
6,9,5,2380,138
6,14,1,2380,104
6,14,9,2380,116
12,8,8,2381,95
6,14,7,2382,153
6,9,14,2382,151
6,14,3,2383,153
6,14,8,2383,115
15,4,8,2384,91
15,9,0,2384,185
17,21,30,2384,156
1,9,11,2385,223
0,2,14,2386,112
12,8,12,2387,99
3,9,6,2388,223
15,9,11,2388,255
6,14,12,2388,165
6,14,14,2388,123
6,14,2,2388,96
6,14,0,2390,97
6,14,6,2390,158
0,4,2,2390,125
15,4,6,2391,183
6,14,14,2391,93
17,25,33,2393,206
0,4,11,2394,124
6,14,3,2395,99
0,9,4,2397,192
5,9,0,2398,64
0,9,6,2399,201
6,8,6,2401,118
5,14,5,2401,146
6,0,1,2401,162
0,2,3,2402,60
0,4,1,2402,123
5,14,2,2403,154
22,25,29,2403,183
0,4,7,2406,121
17,25,32,2407,188
0,4,12,2407,130
11,1,4,2408,220
15,9,1,2408,256
11,1,0,2409,224
0,4,11,2409,128
17,24,30,2411,197
11,2,12,2412,199
5,2,5,2413,217
17,18,33,2413,176
3,9,3,2414,143
3,9,0,2414,172
3,9,3,2415,159
17,20,30,2415,118
0,4,14,2415,127
3,9,6,2416,151
3,9,3,2416,148
6,2,8,2417,169
0,4,8,2417,126
3,9,2,2418,133
6,2,3,2418,158
3,9,7,2418,129
3,9,3,2418,150
3,9,2,2419,153
0,4,8,2419,124
11,2,1,2419,144
17,20,33,2419,125
3,9,14,2420,114
3,9,3,2420,136
17,23,32,2421,157
3,9,1,2422,112
3,9,0,2422,127
3,9,3,2423,112
6,2,1,2423,182
3,9,0,2423,96
17,18,33,2424,145
8,7,4,2425,113
8,7,5,2425,89
17,25,33,2425,142
11,2,5,2426,143
3,9,8,2426,110
17,18,32,2426,136
3,9,14,2427,121
3,4,4,2427,94
6,2,7,2428,218
11,2,2,2429,120
3,9,5,2429,100
11,2,4,2430,135
3,4,12,2431,96
0,7,8,2431,262
0,7,3,2431,322
1,9,0,2431,180
19,18,33,2432,141
3,9,12,2432,188
1,9,1,2432,168
25,24,29,2432,134
3,4,3,2433,76
3,7,3,2433,125
1,9,0,2433,216
3,7,11,2434,184
3,4,6,2434,72
17,24,31,2434,215
1,9,3,2435,149
3,9,12,2435,161
3,4,0,2436,71
1,14,6,2436,81
11,2,3,2436,135
3,4,4,2436,67
12,2,4,2437,105
11,2,6,2437,108
17,18,32,2437,122
3,4,9,2438,62
3,4,1,2439,33
12,9,1,2441,97
11,2,13,2442,144
11,2,14,2443,109
11,2,9,2444,87
3,8,2,2444,189
11,2,6,2445,83
12,9,1,2448,94
11,2,12,2449,120
12,7,9,2450,117
12,7,1,2451,109
12,7,14,2453,122
17,18,32,2456,125
12,7,0,2461,112
15,2,3,2464,143
12,14,9,2464,134
12,7,2,2465,70
15,2,5,2465,81
12,7,2,2467,71
12,7,5,2470,68
12,4,8,2470,200
0,4,5,2470,181
12,4,3,2471,169
12,8,9,2472,86
11,14,6,2473,160
15,0,5,2473,51
0,4,7,2474,174
0,2,2,2474,134
12,7,9,2475,70
3,14,0,2475,176
0,2,1,2477,126
0,4,4,2477,178
3,14,2,2477,167
12,8,12,2478,114
0,4,8,2479,172
0,4,5,2479,157
6,9,4,2481,182
0,4,9,2481,172
0,2,5,2481,134
15,4,3,2482,175
6,14,2,2482,153
6,9,9,2483,78
0,4,6,2483,156
15,4,9,2483,144
0,4,3,2483,165
15,4,9,2484,142
12,8,4,2485,81
1,9,5,2485,243
15,4,4,2485,111
20,17,33,2485,163
1,4,2,2486,95
15,4,7,2486,89
1,4,12,2487,161
0,9,12,2487,217
15,9,14,2487,186
15,4,0,2488,87
6,7,8,2489,111
3,14,12,2489,218
0,2,9,2491,136
6,14,2,2491,180
6,14,9,2492,180
15,4,12,2492,162
6,14,11,2492,141
6,14,6,2492,129
6,14,5,2494,189
0,4,14,2494,83
0,4,0,2495,128
6,14,0,2495,117
6,14,11,2496,161
6,14,3,2496,109
0,2,3,2497,133
3,14,6,2498,204
17,19,33,2498,142
17,19,29,2498,122
5,9,7,2499,93
6,14,1,2499,127
6,14,14,2499,159
0,4,13,2500,168
6,14,4,2501,134
5,14,4,2501,108
17,19,32,2501,115
22,25,33,2502,145
17,25,33,2503,194
0,4,14,2503,146
6,14,13,2503,112
6,8,0,2505,128
5,9,5,2505,100
5,14,6,2505,113
0,4,6,2506,128
0,4,5,2506,90
0,4,5,2506,87
11,1,7,2509,299
17,21,32,2509,119
11,1,11,2509,285
6,8,12,2509,141
6,2,4,2510,185
11,1,9,2510,259
0,4,3,2510,146
17,23,33,2511,153
6,8,8,2511,111
17,25,29,2511,216
3,1,7,2512,189
3,9,11,2512,168
6,8,9,2512,89
11,1,13,2513,245
3,9,3,2513,161
11,1,1,2514,226
3,9,6,2514,178
11,2,1,2515,140
0,4,13,2515,148
11,2,7,2516,136
3,9,0,2516,137
0,4,9,2516,155
6,2,7,2517,195
3,9,12,2517,145
0,4,6,2517,152
0,4,9,2517,147
0,4,8,2517,97
3,9,3,2518,119
3,9,2,2518,138
3,9,12,2519,130
3,9,7,2519,91
6,2,8,2519,186
3,9,14,2520,104
0,4,3,2520,138
17,23,31,2520,179
3,9,14,2521,129
3,9,2,2522,113
3,9,2,2522,104
3,9,14,2524,122
3,9,12,2524,100
3,9,7,2524,97
12,7,11,2525,112
3,9,14,2526,116
8,7,5,2527,94
12,7,3,2527,109
1,9,1,2528,194
3,9,11,2528,97
17,24,30,2528,141
8,7,8,2529,142
1,9,11,2529,198
1,9,5,2529,194
11,2,2,2530,142
1,9,7,2530,137
15,9,2,2530,215
11,2,3,2531,135
0,7,11,2532,275
11,2,3,2532,137
11,2,1,2532,133
15,9,14,2532,223
0,9,11,2533,196
17,23,33,2533,125
3,4,13,2534,47
0,7,12,2535,252
15,9,8,2535,197
3,7,5,2535,193
17,21,31,2536,137
0,7,4,2536,222
1,14,4,2537,110
0,7,0,2537,225
1,14,8,2538,91
12,8,0,2538,125
11,2,0,2539,132
17,22,31,2541,157
11,2,14,2542,134
0,7,11,2542,143
17,20,29,2543,148
17,22,30,2545,152
11,2,8,2545,91
12,7,0,2549,110
12,7,9,2550,126
17,22,31,2550,146
12,9,13,2552,89
12,7,14,2554,116
17,20,31,2554,151
15,2,1,2564,81
12,7,12,2565,97
12,7,5,2566,95
12,7,1,2567,97
12,7,6,2568,81
11,14,11,2568,183
8,14,6,2568,281
17,24,33,2569,219
12,7,0,2570,82
12,4,14,2572,184
0,4,5,2572,172
18,17,31,2573,127
12,4,7,2574,185
3,14,9,2574,179
0,4,1,2575,163
0,4,4,2575,206
11,14,0,2575,123
0,4,2,2576,192
11,0,2,2576,260
6,14,5,2578,161
0,4,5,2579,170
6,14,11,2579,166
1,4,9,2581,73
6,14,1,2582,144
3,14,5,2583,165
6,9,12,2583,175
6,9,12,2583,115
8,4,8,2583,236
6,14,8,2583,99
15,4,2,2584,91
21,17,32,2585,156
6,14,0,2585,155
0,4,2,2586,197
0,4,0,2586,192
6,14,0,2587,104
6,7,5,2588,103
3,14,7,2588,240
6,14,9,2588,100
0,4,8,2589,85
6,14,3,2590,116
0,4,11,2591,182
6,14,11,2591,87
21,17,29,2593,127
0,4,12,2594,175
1,4,12,2594,119
0,4,5,2595,129
0,9,0,2596,209
0,4,1,2596,193
0,4,8,2596,188
18,21,33,2597,189
15,4,5,2597,96
0,4,13,2598,170
17,25,30,2598,184
0,4,6,2599,165
0,4,9,2599,185
0,4,8,2599,137
0,4,5,2600,121
5,14,2,2600,145
0,4,4,2603,151
5,14,14,2603,143
0,4,8,2604,170
17,21,33,2604,192
5,14,5,2605,140
24,25,31,2605,125
6,2,11,2608,260
6,8,0,2608,159
0,4,12,2608,153
11,1,4,2609,290
11,1,5,2609,223
0,4,8,2609,149
6,8,11,2610,89
0,4,7,2610,137
17,22,31,2610,206
11,1,2,2610,164
17,19,31,2610,133
6,8,1,2611,85
3,9,7,2611,135
17,21,29,2611,171
3,9,0,2612,169
3,9,5,2612,163
17,21,29,2612,168
0,4,8,2613,145
25,17,32,2614,171
17,21,31,2614,143
3,9,0,2614,151
5,2,11,2615,196
17,25,32,2615,187
11,1,14,2615,224
3,9,14,2616,126
11,2,5,2616,148
0,4,5,2616,107
11,2,7,2617,152
3,9,2,2617,172
0,4,13,2617,103
17,18,33,2617,171
3,9,14,2618,153
3,9,5,2618,130
0,4,9,2619,147
3,9,0,2620,150
11,2,2,2621,143
3,9,9,2622,175
17,21,32,2622,167
3,9,5,2623,173
3,9,2,2623,163
11,2,11,2624,144
3,9,6,2624,150
17,18,30,2624,107
3,9,12,2625,161
3,9,5,2625,152
12,7,2,2625,106
3,9,2,2625,109
8,7,11,2626,116
17,24,33,2626,274
3,9,1,2626,131
8,7,4,2627,129
8,7,9,2627,106
3,9,5,2627,97
6,2,3,2628,133
3,9,5,2628,121
3,9,6,2629,101
17,24,32,2629,251
17,23,33,2629,182
12,2,14,2630,106
3,9,11,2630,104
3,9,4,2630,117
3,9,11,2631,112
8,7,12,2632,153
0,7,3,2633,277
3,4,3,2633,72
11,2,8,2634,106
3,9,4,2634,109
3,9,1,2634,136
15,9,7,2635,154
3,9,2,2635,114
3,4,7,2635,69
17,22,29,2635,170
11,2,9,2636,138
3,9,4,2636,112
15,9,9,2636,188
11,2,0,2637,134
11,2,1,2637,89
0,14,2,2637,206
1,9,6,2638,129
3,9,11,2638,156
3,4,0,2638,48
17,22,30,2638,118
11,2,14,2639,116
3,4,6,2639,64
11,2,1,2640,99
1,14,13,2641,99
11,2,6,2642,90
11,2,12,2643,118
1,14,7,2643,72
3,7,8,2643,139
3,8,7,2644,194
12,7,11,2650,113
12,7,9,2650,118
3,4,14,2650,29
12,7,9,2651,108
0,2,5,2653,168
1,14,3,2653,46
12,9,4,2655,68
17,24,33,2656,196
17,24,33,2657,222
5,13,5,2660,127
1,14,11,2660,48
12,7,6,2665,91
12,7,2,2666,108
12,7,9,2667,87
12,7,11,2668,77
11,14,5,2668,172
0,4,1,2670,151
12,4,3,2670,184
12,7,3,2670,77
0,4,1,2670,215
0,4,6,2672,209
6,14,4,2673,146
6,14,2,2674,162
24,17,31,2674,207
15,0,14,2675,79
0,4,6,2676,206
3,14,11,2676,147
6,14,5,2677,163
6,14,3,2677,137
0,4,9,2678,143
12,8,12,2678,132
6,14,6,2679,144
1,4,14,2680,154
6,9,7,2680,129
6,14,11,2682,135
6,14,0,2682,157
6,14,2,2683,131
6,14,14,2684,114
1,9,2,2684,236
6,14,3,2684,147
0,9,9,2685,297
6,14,14,2686,177
19,17,32,2686,115
15,9,14,2686,191
6,14,2,2686,101
0,9,5,2687,314
15,4,5,2687,148
6,14,7,2687,146
15,9,12,2687,243
6,14,3,2688,129
0,9,12,2689,306
6,14,0,2689,117
6,14,2,2690,94
6,7,11,2692,92
6,14,5,2692,93
17,19,32,2692,108
0,4,5,2694,213
17,19,31,2695,114
17,25,32,2695,234
0,9,5,2696,256
15,0,0,2697,35
24,17,32,2697,197
0,4,9,2699,204
6,14,8,2699,93
trip_data_format_1_1_end
