trip_data_format_1_1
5,14,5,2700,109
0,4,8,2701,138
0,9,12,2701,251
0,4,1,2702,147
6,8,4,2703,160
0,2,6,2703,173
5,14,2,2704,141
6,8,3,2704,129
0,4,1,2705,86
0,4,13,2707,196
17,19,30,2707,111
0,4,5,2708,151
11,2,6,2708,143
6,8,12,2708,123
11,1,9,2709,200
6,2,0,2709,253
0,4,9,2709,199
5,2,7,2710,247
11,2,13,2711,152
3,9,5,2711,160
3,9,6,2711,163
3,9,3,2712,172
17,22,32,2713,225
17,20,32,2713,192
3,9,9,2713,159
0,4,5,2714,197
0,4,9,2714,188
17,23,32,2714,174
3,9,11,2714,128
3,9,8,2714,160
0,4,4,2715,197
0,4,9,2715,72
15,14,11,2715,33
0,4,0,2716,181
25,17,32,2716,167
17,20,32,2717,195
3,9,0,2717,182
3,9,2,2717,168
3,9,7,2718,129
3,9,7,2718,118
3,9,14,2718,125
6,2,5,2719,274
0,4,14,2720,193
10,2,0,2721,148
3,9,4,2721,169
12,2,4,2722,132
19,18,29,2722,136
3,9,11,2723,154
3,9,1,2723,167
3,9,4,2724,128
3,9,2,2724,164
12,7,3,2725,108
3,4,3,2725,82
6,2,5,2726,294
8,7,0,2727,118
3,9,6,2727,113
3,9,5,2727,152
17,18,31,2727,167
3,9,12,2727,125
12,7,14,2728,119
3,9,1,2728,118
17,20,33,2728,181
11,2,0,2728,161
3,9,14,2729,135
8,7,5,2729,60
3,9,9,2730,136
17,22,32,2730,207
17,22,33,2730,204
17,20,30,2730,143
3,9,3,2730,99
3,7,5,2731,133
6,2,4,2731,204
0,9,0,2731,219
17,22,33,2731,201
17,22,30,2731,195
6,2,12,2733,294
3,9,14,2733,103
3,9,0,2733,132
11,2,7,2733,158
0,9,2,2733,266
15,9,1,2734,209
6,2,9,2734,143
1,9,2,2735,185
17,22,33,2736,192
0,9,14,2737,130
1,9,5,2737,223
0,14,4,2737,181
17,24,33,2737,257
11,2,12,2738,170
3,7,7,2740,118
12,2,12,2740,134
17,19,32,2740,114
1,14,9,2741,85
17,22,29,2742,162
12,2,7,2742,120
11,2,11,2743,116
3,8,11,2743,198
3,4,6,2743,64
11,2,5,2744,175
11,2,8,2744,137
3,4,14,2746,55
12,9,9,2747,81
11,2,2,2748,151
3,4,8,2748,51
12,7,1,2750,113
11,2,5,2752,96
12,7,7,2752,105
12,9,0,2752,63
12,2,4,2753,202
11,2,9,2753,148
3,4,6,2755,33
17,22,29,2755,166
0,2,14,2756,172
1,14,0,2756,48
0,2,6,2758,165
17,24,33,2760,189
12,8,0,2761,124
12,7,2,2762,86
12,7,2,2762,69
15,2,5,2764,120
5,14,2,2764,157
11,14,1,2765,189
12,8,3,2765,127
12,7,11,2767,68
12,7,1,2768,68
0,4,7,2770,226
11,14,0,2771,226
0,4,4,2772,242
25,17,33,2772,206
0,4,7,2772,216
12,4,12,2773,226
0,4,8,2773,195
3,14,3,2773,237
0,4,6,2775,204
3,14,4,2775,148
0,4,0,2776,239
3,14,5,2778,163
6,7,8,2779,114
3,14,2,2779,221
6,9,2,2780,138
6,14,5,2780,132
6,9,6,2781,137
17,25,30,2782,198
3,14,2,2783,152
15,9,6,2784,220
15,9,5,2785,219
6,14,0,2785,103
12,8,3,2785,79
6,14,12,2785,152
0,9,0,2786,293
6,14,14,2787,108
0,9,11,2787,240
15,9,1,2788,234
15,4,5,2788,166
6,14,13,2788,163
20,17,33,2788,176
6,14,4,2789,100
15,4,0,2790,169
15,9,11,2791,273
0,4,3,2792,185
0,2,4,2792,165
0,4,12,2793,209
15,4,8,2793,140
0,9,6,2793,284
0,4,9,2793,197
15,4,8,2794,103
6,14,6,2794,94
22,25,29,2794,162
25,17,31,2794,178
15,4,9,2795,95
17,21,29,2795,174
17,19,32,2796,116
15,4,0,2797,111
18,17,33,2798,116
15,4,3,2798,126
17,25,31,2798,228
0,4,1,2800,78
5,14,8,2801,151
5,14,6,2801,130
5,9,11,2801,132
0,4,8,2801,188
0,4,8,2802,190
15,9,14,2803,251
0,4,4,2803,199
6,8,2,2804,131
0,4,1,2804,135
6,8,5,2805,92
11,2,9,2807,140
11,2,0,2808,145
17,25,32,2808,222
11,2,9,2808,140
11,1,11,2809,253
6,2,0,2809,302
0,4,7,2810,187
6,2,7,2811,200
0,4,5,2811,180
17,18,31,2811,172
3,9,4,2811,168
0,4,6,2812,163
0,4,6,2812,173
17,21,31,2812,146
3,9,11,2813,161
0,4,8,2813,149
0,4,1,2813,165
3,9,9,2815,168
3,9,5,2815,167
3,9,0,2816,157
0,4,2,2816,160
3,9,8,2816,141
6,2,11,2817,116
3,9,9,2818,169
17,18,30,2818,110
3,9,5,2819,181
17,19,30,2819,84
3,9,0,2819,181
17,24,32,2820,220
3,9,12,2821,170
3,9,7,2821,166
3,9,6,2821,122
6,2,12,2822,166
3,9,6,2822,161
12,2,5,2823,108
17,22,32,2823,196
3,9,11,2823,152
3,9,1,2823,117
3,9,9,2824,101
12,7,7,2825,114
3,9,4,2825,118
12,7,4,2825,107
6,2,1,2826,129
3,9,14,2826,129
3,9,3,2826,123
3,4,7,2826,72
17,24,30,2826,227
17,20,32,2826,193
8,7,3,2827,147
12,7,4,2827,114
15,9,9,2827,208
15,9,11,2829,149
11,2,6,2830,142
0,7,9,2831,330
0,7,2,2831,357
3,9,12,2832,123
11,2,3,2832,88
3,9,14,2832,109
11,2,0,2833,142
3,7,4,2835,146
17,23,29,2835,131
17,24,33,2835,234
3,7,6,2836,121
11,2,1,2836,102
3,9,13,2836,128
1,9,8,2836,128
17,25,31,2836,174
17,24,30,2837,176
1,14,2,2837,99
3,4,11,2838,33
11,2,4,2839,97
12,9,5,2839,112
3,9,8,2840,124
11,2,0,2840,89
11,2,3,2842,80
17,21,31,2842,125
3,7,4,2845,123
17,20,32,2848,144
12,9,2,2850,69
0,2,5,2850,106
5,13,4,2853,161
0,2,7,2856,176
12,7,0,2860,93
12,7,2,2860,88
12,8,8,2861,114
12,8,3,2863,138
12,7,7,2866,72
5,14,6,2867,161
17,24,32,2867,181
10,14,3,2867,379
8,14,11,2868,393
12,4,1,2870,159
12,7,14,2870,74
12,7,5,2871,66
12,4,2,2872,180
0,4,4,2872,124
15,0,9,2873,70
0,4,12,2873,205
0,4,9,2873,200
12,8,3,2874,86
1,4,1,2874,84
10,14,8,2874,374
15,4,3,2876,147
12,14,4,2876,308
0,4,1,2877,196
10,14,5,2877,253
11,14,8,2878,223
15,4,3,2878,127
12,8,1,2879,95
6,9,7,2879,94
0,4,0,2879,219
0,4,6,2880,150
3,14,1,2880,230
15,4,5,2881,128
6,9,12,2884,149
1,4,12,2885,88
12,8,12,2886,86
3,9,4,2886,177
1,4,0,2886,120
15,4,3,2886,116
3,14,7,2886,174
3,9,2,2887,174
3,9,6,2887,156
0,4,14,2887,202
15,9,14,2887,250
1,9,6,2887,205
3,14,12,2887,194
6,14,7,2887,160
3,9,4,2888,163
0,9,0,2888,344
0,9,5,2889,280
15,4,8,2889,102
1,4,6,2890,168
15,4,3,2890,130
6,14,12,2890,178
3,14,13,2890,179
6,14,7,2891,141
15,4,14,2892,126
15,4,13,2893,165
6,14,4,2893,149
6,14,0,2894,114
0,4,12,2895,200
6,14,11,2895,98
3,14,14,2896,235
0,4,3,2897,201
6,14,9,2897,94
0,4,0,2897,140
5,9,0,2898,154
6,14,8,2898,174
6,13,9,2899,108
6,14,2,2900,185
6,14,12,2901,120
6,14,6,2901,135
17,21,30,2901,109
0,4,14,2902,196
15,4,3,2903,119
6,14,14,2904,137
5,14,7,2905,140
5,14,0,2905,94
8,0,14,2905,311
6,8,2,2906,132
0,4,9,2906,196
17,21,33,2907,171
10,2,8,2907,146
3,1,8,2908,257
5,2,0,2908,222
6,8,5,2909,108
8,2,3,2910,183
0,4,7,2911,202
17,25,29,2911,194
6,2,11,2912,147
0,4,0,2912,194
17,24,30,2912,203
3,9,7,2912,162
3,9,9,2913,161
0,4,9,2913,194
17,18,33,2913,160
3,9,1,2914,178
3,9,8,2914,136
3,9,4,2914,141
24,17,29,2914,169
3,9,7,2915,168
3,9,6,2916,166
0,4,14,2916,189
3,9,1,2916,122
6,8,7,2917,103
3,9,5,2917,160
3,9,7,2917,115
0,4,4,2917,184
3,9,12,2918,156
3,9,3,2918,149
3,9,6,2918,117
1,9,4,2920,135
3,9,3,2920,94
0,4,1,2920,179
11,2,6,2921,152
3,9,12,2921,156
3,9,4,2921,124
3,9,7,2921,90
3,9,7,2921,155
3,9,6,2922,109
3,9,1,2922,105
3,9,14,2923,154
17,18,33,2923,153
3,9,4,2924,131
17,24,29,2924,222
3,9,3,2925,128
12,7,5,2925,119
8,7,6,2925,98
10,2,2,2925,97
3,9,9,2925,106
17,18,31,2925,146
17,18,32,2925,136
3,9,9,2927,129
8,7,7,2927,130
3,9,8,2927,117
8,7,5,2928,47
3,9,8,2928,120
3,9,6,2929,101
6,2,9,2930,162
11,2,3,2930,133
3,7,0,2931,217
15,9,8,2931,212
17,18,29,2931,143
0,7,9,2931,337
11,2,3,2931,145
3,7,3,2933,203
11,2,8,2933,130
0,7,7,2933,296
1,9,9,2935,179
15,9,14,2937,204
3,4,2,2937,69
11,2,14,2938,118
1,14,3,2938,99
1,14,3,2938,65
12,9,9,2940,113
11,2,14,2941,106
1,14,5,2941,50
11,2,14,2942,104
17,24,32,2942,232
11,2,11,2943,88
3,4,14,2943,38
5,13,8,2944,165
17,20,32,2947,135
3,4,1,2949,29
6,13,14,2950,134
1,14,0,2951,48
3,4,11,2956,28
17,24,33,2960,175
12,7,8,2961,73
12,9,7,2962,54
18,19,32,2963,132
15,2,5,2964,119
15,2,14,2968,73
11,14,9,2969,215
12,8,7,2969,115
12,4,4,2970,184
0,4,4,2972,119
19,17,33,2972,151
12,8,4,2973,108
18,17,32,2974,134
0,4,1,2975,200
0,4,6,2975,202
3,14,0,2975,159
11,0,6,2975,257
3,14,5,2977,232
0,4,0,2978,217
8,14,1,2978,252
6,14,5,2979,135
11,0,8,2979,286
6,13,2,2979,150
6,14,1,2980,111
6,13,6,2981,146
6,9,2,2981,99
12,4,1,2982,157
12,14,14,2982,193
0,4,8,2983,228
15,4,2,2984,172
6,14,5,2984,102
6,14,12,2984,151
0,9,4,2984,278
1,4,3,2984,113
6,14,1,2985,117
6,14,1,2985,99
0,9,7,2986,291
6,14,3,2986,99
15,9,14,2987,210
6,14,12,2987,155
15,9,12,2989,237
6,7,0,2989,135
0,4,2,2989,113
6,14,4,2989,125
21,17,30,2989,118
6,14,14,2991,88
0,4,2,2991,185
0,4,8,2993,150
6,14,4,2993,86
0,4,4,2994,182
15,4,11,2995,146
0,4,9,2995,188
17,19,29,2995,156
0,4,1,2996,138
0,4,4,3000,185
17,21,29,3001,143
5,14,5,3001,135
17,19,33,3002,137
6,8,1,3002,111
5,9,7,3002,91
6,14,14,3002,104
6,8,8,3004,94
6,8,1,3005,72
17,19,32,3005,125
6,2,6,3007,192
17,25,33,3007,196
11,2,2,3008,139
6,8,3,3009,96
0,4,1,3009,176
0,4,5,3009,139
18,21,31,3010,143
0,4,14,3011,123
0,4,5,3011,187
17,18,33,3011,170
5,2,14,3012,228
3,9,3,3012,164
3,9,2,3012,175
0,4,0,3012,136
6,2,3,3013,182
6,2,4,3014,158
3,9,9,3014,160
3,9,1,3014,156
0,4,8,3014,173
6,2,2,3015,113
0,4,9,3015,145
0,4,7,3015,182
11,2,3,3016,145
3,9,11,3017,169
12,2,5,3017,104
17,21,33,3017,138
3,9,13,3018,167
3,9,2,3018,142
3,9,6,3019,158
0,4,3,3019,182
3,9,2,3019,133
11,2,5,3020,144
17,24,29,3020,228
17,18,32,3021,151
11,2,8,3021,136
3,9,5,3022,123
12,2,1,3023,168
3,9,7,3023,129
11,2,6,3024,148
8,7,2,3025,130
8,7,6,3025,129
3,9,6,3025,105
17,18,32,3025,172
17,20,31,3026,168
3,9,1,3026,174
3,9,2,3026,111
8,7,4,3027,97
17,24,32,3027,217
3,4,14,3028,75
17,24,30,3028,191
17,20,30,3028,137
11,2,7,3028,135
3,9,6,3028,171
3,9,1,3028,150
17,21,30,3029,105
1,9,1,3029,192
0,9,2,3031,252
0,7,4,3031,273
0,7,6,3031,324
17,22,30,3031,136
3,9,0,3032,126
17,21,33,3032,140
5,7,5,3032,135
0,7,9,3033,335
0,9,4,3033,243
3,9,8,3033,111
3,9,4,3034,153
0,7,3,3035,314
3,7,2,3035,182
15,9,4,3035,210
3,7,4,3036,140
11,2,2,3037,100
11,2,4,3037,132
17,18,31,3037,140
3,7,5,3037,113
3,7,7,3039,128
0,14,14,3040,201
11,2,6,3040,90
0,7,6,3041,292
1,14,0,3041,113
17,20,29,3041,185
11,2,6,3042,90
0,7,0,3043,248
11,2,6,3043,88
12,9,6,3043,113
1,14,4,3045,113
17,24,30,3045,193
12,7,7,3050,118
12,7,3,3052,115
12,7,5,3053,121
17,22,29,3053,166
0,2,1,3054,188
1,14,12,3054,57
12,7,3,3060,88
15,2,2,3060,157
5,13,14,3061,121
12,7,1,3061,112
12,7,0,3063,82
12,8,0,3063,136
3,4,4,3064,27
18,19,29,3067,135
11,14,14,3068,210
8,4,0,3070,201
12,8,4,3070,124
0,4,7,3070,162
0,4,11,3072,225
15,0,2,3073,93
0,4,1,3073,206
0,4,8,3073,216
11,14,5,3073,127
15,0,7,3073,75
0,2,1,3074,210
12,7,0,3074,71
12,8,8,3075,98
0,4,4,3076,231
0,4,2,3076,217
0,4,12,3076,130
11,14,6,3076,158
15,4,7,3077,150
12,8,8,3078,104
0,4,7,3078,218
1,4,9,3079,163
1,4,11,3079,162
6,9,4,3080,159
6,9,0,3080,164
3,14,14,3080,214
6,9,6,3081,177
6,9,8,3081,90
0,4,7,3081,130
6,14,7,3081,165
8,0,4,3081,261
6,14,6,3083,144
6,14,6,3084,102
6,9,13,3084,101
15,4,5,3084,165
25,17,30,3085,163
15,4,2,3086,138
12,8,9,3086,80
20,17,32,3086,186
0,2,1,3087,193
0,4,11,3087,143
6,14,7,3087,170
3,9,14,3087,197
3,9,12,3088,182
15,4,12,3088,96
6,14,8,3089,141
15,9,2,3089,269
6,14,13,3089,170
0,4,11,3090,212
6,14,14,3091,163
1,9,12,3091,207
15,9,0,3091,210
6,14,6,3091,110
0,4,6,3092,215
6,14,3,3092,108
0,9,12,3092,306
0,4,4,3094,206
17,23,30,3094,163
6,14,3,3094,159
0,4,9,3095,135
17,23,31,3095,204
0,4,4,3095,90
0,4,9,3096,102
5,9,2,3097,128
5,9,6,3098,128
5,9,5,3099,123
0,4,2,3099,129
0,4,2,3099,206
6,8,4,3100,139
0,2,7,3101,181
17,25,30,3101,183
17,25,31,3103,183
0,4,8,3103,197
5,14,7,3103,76
6,8,4,3104,89
6,8,8,3105,95
0,4,11,3105,129
0,4,9,3106,133
17,19,30,3106,148
5,2,0,3107,250
6,0,14,3108,186
10,2,1,3108,149
6,8,4,3108,84
11,1,4,3109,196
11,1,6,3109,311
5,9,14,3109,157
11,1,11,3109,242
5,2,1,3109,223
0,4,14,3109,196
6,8,2,3110,146
6,0,14,3110,142
6,2,0,3111,206
3,9,1,3112,172
3,9,1,3112,160
3,9,8,3112,174
3,9,2,3113,158
3,1,14,3113,250
12,2,7,3113,111
17,23,32,3114,185
3,9,4,3114,112
3,9,9,3114,146
3,9,6,3115,171
3,9,9,3115,115
20,17,29,3115,131
3,9,9,3116,104
3,9,4,3116,179
6,2,8,3116,119
3,9,1,3116,167
17,18,29,3116,157
0,4,1,3117,203
17,22,29,3117,220
3,9,1,3118,171
17,23,29,3118,167
3,9,8,3119,134
3,9,1,3119,156
17,24,29,3120,266
3,9,6,3120,147
3,9,4,3120,113
0,4,8,3120,195
17,23,30,3121,112
3,9,0,3122,159
3,9,0,3122,97
3,9,0,3124,140
3,9,3,3124,119
15,9,1,3124,196
8,7,4,3125,67
3,9,5,3125,109
15,9,5,3126,190
3,9,6,3126,115
3,9,6,3127,176
17,24,31,3127,241
17,19,29,3129,148
3,9,14,3129,111
3,9,3,3129,104
11,2,8,3130,124
17,24,33,3130,241
3,7,9,3131,245
17,19,33,3131,160
3,9,1,3131,99
1,9,7,3131,189
3,4,9,3132,67
3,4,3,3133,42
25,24,32,3133,132
1,9,1,3134,148
11,2,4,3134,110
17,22,29,3134,192
11,2,11,3137,103
1,14,5,3138,104
3,7,12,3139,153
1,14,8,3139,82
17,20,31,3140,196
12,9,3,3141,121
1,14,1,3141,83
12,9,4,3142,103
3,7,4,3142,107
0,7,3,3144,187
11,2,0,3144,81
12,7,0,3150,124
12,7,8,3150,122
0,2,5,3154,214
17,22,33,3154,207
12,7,7,3154,113
1,14,5,3158,46
12,7,7,3161,97
12,7,0,3162,79
15,2,8,3162,81
12,8,0,3163,124
17,24,31,3164,215
5,14,6,3166,139
12,7,0,3167,73
12,7,2,3168,71
5,14,8,3168,161
17,24,31,3168,233
11,14,0,3168,209
11,14,1,3169,208
10,14,8,3169,294
0,4,3,3170,222
12,4,3,3171,140
12,8,3,3172,120
0,4,5,3172,189
18,17,29,3172,147
6,13,7,3173,112
1,4,6,3173,117
1,4,2,3174,105
12,8,5,3176,102
12,8,5,3176,98
15,4,6,3177,171
15,4,3,3179,147
6,9,1,3180,146
6,9,5,3180,98
11,14,2,3180,192
6,14,9,3181,163
6,14,3,3181,167
20,17,33,3182,142
0,4,6,3182,253
6,14,8,3182,165
15,4,6,3183,109
3,14,7,3183,167
6,14,6,3183,139
0,4,8,3185,226
15,4,2,3185,101
6,14,3,3185,119
3,14,4,3185,159
15,4,2,3186,84
6,14,2,3186,119
0,9,14,3187,304
6,14,8,3187,126
6,14,11,3187,118
20,17,32,3187,133
1,4,12,3188,113
15,4,6,3188,127
6,14,5,3188,125
0,4,4,3189,228
6,14,2,3189,113
6,7,4,3190,83
0,4,9,3190,228
0,4,0,3190,205
6,14,4,3191,122
6,14,12,3191,137
0,4,11,3191,175
6,14,1,3192,130
6,14,6,3193,127
0,4,2,3193,163
6,14,8,3195,117
17,21,32,3195,173
0,4,5,3195,196
17,25,33,3195,255
17,23,29,3196,202
0,4,1,3198,200
0,4,4,3199,197
8,0,14,3199,245
17,21,29,3200,168
0,4,14,3200,186
0,2,5,3202,157
0,4,14,3203,170
5,14,9,3203,74
17,22,30,3204,233
6,8,13,3205,146
0,2,6,3205,135
6,8,7,3206,105
17,19,30,3207,143
11,2,2,3207,138
17,23,31,3207,227
10,2,7,3208,159
17,25,33,3208,251
3,1,6,3209,273
11,1,5,3209,240
6,8,4,3210,74
3,9,5,3210,123
11,2,13,3211,145
3,9,8,3211,158
10,2,3,3212,145
6,2,11,3212,157
0,4,0,3212,152
0,4,6,3212,147
8,2,11,3213,201
6,2,3,3214,150
8,2,3,3214,161
3,9,8,3214,177
3,9,7,3214,166
3,9,4,3214,175
3,9,7,3215,142
0,4,2,3215,163
3,9,8,3216,154
3,9,6,3216,145
0,4,1,3216,76
17,24,30,3216,260
0,4,1,3217,140
3,9,2,3217,90
0,4,5,3217,146
3,9,2,3218,134
3,9,9,3218,135
3,9,5,3219,110
17,23,31,3219,224
3,9,11,3220,134
3,9,14,3221,125
3,9,7,3221,114
17,22,30,3222,181
6,2,12,3222,146
3,9,7,3222,104
11,2,0,3224,142
3,9,7,3224,118
3,9,14,3224,115
12,7,2,3225,113
12,7,7,3225,111
3,9,1,3225,102
17,24,32,3226,281
17,23,33,3226,222
6,2,14,3226,136
3,4,2,3226,90
8,7,2,3227,96
17,21,29,3227,183
8,7,4,3227,143
8,7,3,3229,126
1,9,3,3229,144
8,7,2,3230,77
8,7,13,3230,92
1,9,4,3231,171
3,7,0,3232,159
15,9,9,3232,158
17,24,30,3233,238
0,9,1,3234,285
3,7,4,3235,118
0,9,7,3236,282
0,7,12,3237,333
11,2,3,3237,152
3,4,6,3237,37
1,14,5,3238,79
17,24,33,3238,224
0,7,2,3238,232
11,2,6,3238,150
0,7,5,3239,294
11,2,3,3240,153
17,24,30,3240,158
11,2,5,3241,106
11,2,3,3241,129
1,14,14,3241,81
11,2,11,3242,143
12,9,0,3242,108
11,2,3,3244,131
11,2,4,3244,91
17,24,30,3244,222
11,2,11,3245,126
11,2,3,3247,122
12,7,6,3249,129
17,18,32,3249,124
12,7,0,3250,127
12,9,7,3250,87
12,7,3,3251,126
12,7,7,3251,126
12,7,7,3253,105
17,20,33,3254,194
17,24,31,3255,229
24,25,29,3256,123
12,7,5,3260,105
15,2,8,3260,108
12,7,7,3261,97
12,7,5,3261,103
12,7,2,3262,78
12,7,0,3264,81
12,7,14,3265,109
24,25,31,3265,131
11,14,9,3266,272
12,4,1,3270,161
12,7,7,3271,72
17,24,33,3271,291
12,4,5,3272,180
0,4,2,3273,182
15,0,8,3273,65
0,4,8,3274,178
12,4,14,3275,184
0,4,8,3275,146
8,14,7,3276,209
0,2,0,3277,163
11,14,4,3277,201
12,8,7,3278,83
3,14,2,3278,238
1,4,12,3279,153
5,14,9,3279,134
0,2,14,3279,156
0,2,4,3280,122
3,14,8,3280,235
6,9,6,3281,128
15,4,13,3281,169
12,8,9,3281,79
15,4,5,3281,101
3,14,11,3281,180
6,14,7,3282,156
12,8,9,3283,86
15,4,14,3283,132
6,14,8,3283,144
0,4,6,3283,198
6,14,5,3284,134
1,9,0,3284,190
3,14,6,3284,202
0,9,9,3285,272
15,9,4,3286,279
6,14,0,3286,115
6,14,0,3286,173
15,9,0,3287,183
0,9,8,3287,267
0,4,14,3288,194
0,4,0,3288,190
6,7,7,3289,109
6,14,9,3289,94
6,14,0,3290,93
6,14,3,3290,89
11,0,0,3292,271
17,23,31,3292,199
6,14,7,3292,88
17,25,31,3293,258
17,21,33,3294,219
0,2,6,3294,135
0,4,4,3294,183
15,0,2,3297,36
17,25,31,3299,266
6,8,6,3300,136
0,4,3,3300,176
0,4,9,3301,157
17,21,29,3301,234
5,9,3,3301,144
0,4,5,3301,166
0,4,5,3303,136
0,9,14,3304,269
0,4,6,3304,156
0,4,6,3306,163
20,17,29,3306,133
6,2,7,3308,184
0,4,9,3308,149
15,0,3,3308,38
17,21,33,3308,186
11,1,2,3308,156
11,1,5,3309,238
11,1,3,3309,277
11,1,0,3310,254
6,8,14,3311,169
17,21,31,3311,200
6,2,4,3312,164
3,9,0,3312,177
6,8,14,3313,136
3,9,8,3313,167
10,2,4,3313,80
3,9,6,3313,165
0,4,0,3313,152
17,23,32,3313,170
6,2,0,3314,142
0,4,5,3314,153
3,9,6,3314,170
3,9,4,3314,157
3,9,3,3315,165
3,9,0,3315,179
17,20,30,3315,165
17,22,30,3316,216
0,4,11,3316,139
17,21,29,3316,146
3,9,14,3317,155
17,18,33,3317,185
3,9,3,3318,131
3,9,8,3318,135
3,9,0,3318,165
3,9,3,3319,128
3,9,5,3319,123
3,9,5,3319,127
0,4,7,3319,157
17,21,32,3319,188
3,9,2,3319,122
6,2,14,3320,131
3,9,11,3321,128
3,9,8,3321,122
3,9,7,3322,101
11,2,2,3322,143
3,9,5,3323,98
3,9,8,3323,129
17,23,32,3323,203
17,21,29,3323,150
5,2,5,3323,265
0,9,8,3323,221
3,9,7,3324,104
17,19,32,3324,143
6,2,5,3325,195
3,9,8,3325,99
12,7,8,3325,108
12,7,7,3325,117
0,9,14,3326,222
17,18,32,3326,187
8,7,9,3327,141
6,2,4,3327,173
8,7,1,3328,141
8,7,2,3329,98
15,9,0,3329,143
8,7,3,3330,137
8,7,6,3330,82
15,9,7,3330,212
8,7,5,3332,78
8,7,3,3332,81
12,2,14,3332,113
17,21,29,3332,153
17,23,31,3332,135
3,7,0,3333,111
3,7,3,3333,144
11,2,0,3333,90
17,21,33,3334,200
11,2,9,3335,88
3,4,7,3336,50
17,18,29,3336,146
3,7,1,3336,182
0,9,7,3337,228
12,8,5,3340,131
3,4,9,3341,31
17,18,31,3341,131
17,20,32,3345,145
12,7,12,3355,118
1,14,9,3355,47
12,7,8,3360,107
12,8,6,3361,128
12,7,2,3362,97
12,8,4,3362,115
15,2,9,3362,147
12,7,14,3365,98
11,14,6,3366,204
12,8,8,3367,120
12,7,1,3369,82
8,4,1,3370,294
12,7,2,3370,80
0,4,11,3370,178
15,14,3,3372,33
12,7,0,3373,88
3,14,2,3373,184
15,0,0,3373,84
18,17,32,3373,125
12,7,5,3374,87
0,4,14,3374,182
12,7,1,3374,68
1,4,11,3374,93
3,14,7,3376,167
6,14,3,3377,194
18,17,33,3377,131
1,4,14,3377,156
12,8,14,3379,95
1,4,11,3379,162
18,17,31,3379,178
6,14,4,3380,187
6,14,5,3381,154
6,14,5,3382,135
3,14,14,3382,195
6,13,1,3383,187
0,4,13,3383,199
8,0,6,3383,302
6,9,12,3383,154
6,14,2,3384,126
0,9,7,3384,218
15,4,7,3384,128
6,14,8,3384,133
0,4,0,3385,188
6,14,1,3385,160
18,21,30,3385,143
12,8,6,3385,93
6,14,4,3386,123
6,14,0,3386,119
17,23,30,3390,184
15,4,0,3390,169
6,14,13,3390,149
0,4,14,3391,195
6,14,14,3391,145
15,4,2,3391,143
22,25,31,3392,180
6,14,3,3393,141
21,17,31,3393,173
15,4,12,3394,112
6,14,11,3394,126
6,14,9,3394,110
15,4,0,3394,91
6,8,2,3395,173
0,4,3,3395,172
17,23,32,3395,272
6,14,7,3396,122
0,9,5,3397,234
0,9,2,3397,163
0,4,0,3397,202
15,4,11,3397,124
0,4,7,3398,105
17,23,33,3398,251
0,4,11,3398,114
0,4,3,3399,190
6,14,12,3399,106
24,17,30,3399,171
17,18,30,3400,146
5,14,0,3400,72
0,2,2,3401,139
0,4,8,3401,185
25,17,30,3402,119
17,18,30,3402,150
17,23,32,3403,241
6,8,6,3403,108
0,4,5,3405,184
0,4,1,3405,106
6,8,2,3406,126
0,4,1,3406,168
6,14,14,3406,129
17,23,32,3406,255
5,2,6,3407,227
11,2,3,3407,142
6,8,13,3408,105
11,1,9,3408,235
11,1,9,3408,245
6,8,8,3409,88
11,1,5,3410,200
17,21,32,3410,174
0,4,2,3411,181
17,22,33,3411,246
0,4,12,3412,161
3,9,8,3412,165
0,4,6,3412,154
3,9,7,3413,161
3,9,1,3413,164
3,9,4,3413,146
0,4,12,3413,181
3,9,11,3414,146
17,21,30,3414,211
0,4,9,3415,155
11,2,2,3416,147
3,9,5,3417,147
19,18,29,3417,144
3,9,8,3418,161
0,4,1,3418,122
3,9,3,3418,126
6,2,13,3419,244
17,19,32,3419,185
3,9,1,3420,154
3,9,6,3421,125
6,2,14,3421,154
3,9,8,3423,111
3,9,7,3423,117
3,9,8,3423,100
8,2,5,3424,201
3,9,12,3424,91
3,9,7,3424,115
3,4,11,3424,85
17,21,33,3424,225
8,7,7,3425,92
17,22,30,3425,147
3,9,0,3426,124
12,2,8,3426,130
3,9,6,3426,107
3,4,4,3427,85
1,9,11,3428,210
17,19,33,3428,166
5,2,1,3428,226
17,18,33,3428,121
17,21,32,3428,215
17,22,32,3428,241
17,19,31,3429,139
3,9,4,3430,109
0,7,9,3430,213
1,9,3,3430,175
3,4,2,3431,71
11,2,13,3431,153
0,7,11,3432,277
3,9,9,3432,105
17,23,32,3432,139
15,9,7,3433,141
3,4,0,3433,72
17,19,32,3433,118
11,2,3,3434,140
3,7,6,3434,178
3,7,3,3436,181
1,9,14,3436,220
11,2,2,3436,109
3,7,6,3437,107
6,2,6,3437,204
1,14,4,3437,87
17,23,32,3437,233
17,21,32,3438,222
12,2,3,3438,173
1,9,6,3438,145
17,20,32,3438,195
12,2,9,3439,128
17,24,31,3439,266
12,2,5,3440,139
11,2,0,3441,107
11,2,8,3443,105
3,4,7,3443,64
11,2,5,3444,87
11,2,3,3446,88
3,4,13,3447,66
17,24,32,3447,245
24,25,30,3448,99
12,7,4,3448,126
1,14,9,3449,49
3,4,5,3450,45
17,18,33,3450,123
17,22,29,3450,155
12,7,7,3451,123
3,8,11,3451,169
12,7,1,3452,108
3,4,6,3452,32
1,14,8,3456,52
1,14,3,3458,48
24,25,33,3458,119
12,9,0,3459,58
12,7,1,3460,110
12,7,9,3460,106
12,7,5,3462,89
12,7,7,3464,89
12,7,14,3464,105
12,8,2,3464,137
15,2,4,3465,105
12,7,9,3465,86
10,14,5,3466,237
17,24,29,3466,283
19,17,30,3466,91
12,14,8,3466,191
12,7,14,3468,78
17,24,31,3468,279
12,7,1,3469,72
12,14,6,3470,149
0,4,14,3472,127
8,4,13,3472,243
11,14,8,3472,198
0,4,8,3474,188
6,14,6,3474,138
0,4,14,3475,189
0,4,13,3476,125
6,14,8,3476,173
3,14,0,3476,238
19,18,32,3476,141
6,14,7,3479,144
6,14,8,3480,90
6,13,1,3480,94
6,9,1,3480,162
6,14,2,3481,109
6,9,14,3482,176
6,14,2,3483,131
3,14,3,3484,208
0,9,11,3484,217
6,14,8,3484,131
6,14,7,3485,120
15,4,9,3486,178
24,17,29,3487,208
12,4,9,3487,220
0,4,7,3488,172
0,4,6,3488,199
15,4,6,3489,179
0,4,4,3490,140
6,14,6,3490,86
17,25,33,3491,298
17,21,30,3491,163
15,0,5,3491,38
15,9,6,3492,194
15,4,3,3492,170
25,17,32,3493,199
15,4,4,3494,109
15,4,5,3494,144
0,4,5,3495,208
5,9,11,3497,125
0,9,7,3497,272
0,9,5,3498,230
0,4,7,3499,141
0,4,0,3500,206
17,21,33,3500,179
6,8,4,3500,146
15,4,1,3500,114
5,14,11,3500,150
0,4,8,3501,211
15,4,7,3501,131
0,4,1,3502,211
6,0,7,3502,116
5,14,1,3503,87
6,8,1,3505,116
6,8,4,3506,104
0,4,7,3506,196
0,4,1,3506,122
5,2,6,3507,228
6,8,2,3507,86
0,9,14,3508,260
0,4,6,3508,212
11,1,0,3509,195
6,8,0,3510,103
17,21,31,3510,161
11,2,14,3511,145
3,9,8,3511,160
6,8,2,3511,88
0,4,12,3511,124
10,2,14,3512,135
3,9,6,3512,178
0,4,7,3512,199
6,8,9,3512,115
11,1,13,3513,220
0,4,0,3513,144
6,2,0,3513,191
25,17,29,3513,134
17,23,33,3513,176
6,2,11,3514,199
17,22,33,3514,288
3,9,3,3514,176
6,2,11,3515,169
6,2,2,3515,178
3,9,4,3515,166
0,4,14,3515,197
17,25,30,3515,171
19,18,30,3515,112
17,18,31,3515,179
6,2,0,3516,172
3,9,6,3516,171
3,9,3,3516,152
3,9,14,3516,166
0,4,14,3516,196
3,9,11,3517,146
3,9,14,3518,155
17,25,32,3518,218
3,9,11,3519,152
3,9,7,3519,148
3,9,14,3521,119
3,9,8,3521,124
3,9,6,3521,132
3,9,4,3521,121
17,21,33,3521,179
17,18,29,3522,143
3,9,1,3523,116
17,19,33,3523,120
17,19,33,3523,115
3,9,3,3525,117
8,7,3,3525,52
12,7,2,3525,105
11,2,14,3525,150
3,9,5,3525,156
3,9,14,3526,161
6,2,2,3527,131
11,2,5,3527,153
11,2,2,3528,136
12,2,2,3529,159
1,9,4,3529,178
17,23,32,3529,145
3,9,11,3529,111
3,9,11,3530,146
0,7,1,3530,311
0,7,7,3531,256
17,19,32,3531,118
11,2,3,3531,138
3,9,13,3532,102
3,4,11,3533,48
17,20,30,3533,135
15,9,14,3533,216
3,9,9,3534,116
11,2,12,3534,144
0,9,0,3535,255
15,9,0,3536,169
3,7,6,3537,123
11,2,12,3537,121
0,14,3,3537,230
17,22,30,3537,149
3,4,2,3538,30
17,18,31,3538,132
17,20,32,3538,190
11,2,9,3539,112
12,9,0,3539,106
3,1,2,3541,243
11,2,14,3542,101
1,14,14,3543,113
0,7,7,3544,272
11,2,9,3544,107
1,14,9,3544,107
17,24,32,3546,222
15,14,11,3547,37
3,4,9,3548,28
12,7,5,3550,123
12,7,4,3551,117
3,4,9,3552,28
0,2,7,3553,113
17,22,32,3555,169
17,20,33,3555,154
12,7,12,3555,119
12,7,3,3556,115
12,7,5,3557,112
6,13,8,3559,123
3,4,12,3560,31
1,14,4,3560,48
12,7,1,3562,107
12,7,2,3563,116
5,2,0,3564,150
12,8,14,3568,128
12,8,2,3568,120
12,4,9,3570,177
5,14,14,3571,174
20,17,33,3571,173
0,4,14,3572,130
11,14,4,3572,209
0,4,7,3573,247
15,4,8,3575,156
11,14,9,3575,195
12,4,12,3575,193
12,8,3,3576,118
11,14,7,3576,126
0,4,4,3577,249
15,4,0,3577,126
1,4,0,3578,76
15,4,3,3579,114
15,4,11,3579,83
3,14,9,3579,163
6,9,2,3580,131
3,14,4,3581,188
0,4,11,3582,228
6,7,13,3583,128
6,9,14,3583,121
15,4,9,3583,160
3,14,9,3584,188
6,7,7,3584,111
15,9,3,3585,220
3,14,14,3585,198
1,9,0,3586,241
6,14,2,3586,166
1,9,12,3587,185
0,4,2,3587,244
15,4,12,3587,175
6,14,2,3588,159
3,14,12,3588,214
20,17,29,3588,143
6,14,0,3589,172
0,4,12,3589,264
1,4,8,3589,174
6,14,7,3590,140
25,17,31,3590,202
5,14,12,3590,178
0,4,11,3591,138
6,14,5,3592,145
3,14,7,3592,165
0,4,2,3593,218
17,23,31,3593,207
0,4,8,3593,229
3,14,6,3593,190
6,14,6,3593,174
17,25,31,3594,229
17,21,31,3594,176
0,4,0,3594,129
0,4,6,3594,136
6,14,6,3595,168
6,14,8,3595,155
0,9,11,3596,199
15,0,3,3596,38
17,19,33,3596,161
6,14,12,3597,180
6,14,11,3598,150
22,25,32,3599,144
trip_data_format_1_1_end
