trip_data_format_1_1
3,4,8,46,30
1,14,7,48,45
1,4,8,70,61
0,2,0,75,72
15,4,6,78,73
6,9,9,79,71
0,4,7,85,77
0,4,14,91,79
6,14,9,94,86
0,4,5,102,73
15,0,4,102,33
17,21,30,102,88
0,4,6,106,69
3,9,5,112,105
0,4,1,113,68
3,9,5,114,93
3,9,1,114,106
3,9,6,115,83
3,9,12,116,105
3,9,13,117,101
3,9,12,118,85
3,9,12,119,102
8,7,3,125,97
8,7,8,125,121
11,2,2,129,126
3,7,7,131,122
0,9,4,132,123
11,2,14,136,112
17,21,33,137,119
1,14,7,138,71
11,2,11,140,114
1,14,11,141,54
11,2,8,142,103
12,7,7,148,112
12,7,8,149,108
3,4,7,151,30
17,18,29,154,120
12,7,0,159,107
1,14,9,160,48
11,14,8,166,106
15,2,3,166,90
1,4,9,170,109
12,8,3,171,114
0,4,7,171,119
15,4,6,173,124
3,14,8,173,154
15,4,6,174,164
15,4,5,175,111
5,14,2,175,135
15,4,9,178,127
6,14,3,179,99
6,13,3,180,123
6,9,3,180,155
6,14,7,180,121
6,14,4,181,117
6,9,14,182,170
6,9,13,182,154
6,14,2,183,104
6,9,6,184,89
6,14,12,186,129
0,4,8,187,121
6,14,6,187,110
0,2,4,188,88
0,4,8,189,114
6,14,7,190,94
0,4,2,191,115
17,23,30,191,167
6,14,5,193,90
0,4,8,194,112
6,14,12,195,125
6,8,6,196,69
6,8,0,196,148
0,4,14,196,110
0,9,2,197,148
0,4,5,197,104
0,4,6,198,111
17,19,33,199,134
0,4,1,201,103
5,14,6,201,122
5,14,8,202,88
0,4,6,203,106
5,14,13,206,126
0,4,12,208,102
17,19,29,208,139
11,2,8,208,148
11,1,0,209,145
11,1,4,209,198
11,2,0,209,146
17,22,31,211,189
11,2,14,211,182
0,4,13,211,102
3,9,8,212,143
3,9,2,212,169
0,4,8,212,103
11,2,2,213,159
3,9,0,213,164
17,23,30,213,125
17,20,30,213,179
0,4,2,214,97
3,9,1,214,121
3,9,2,214,122
17,23,32,214,154
3,9,1,215,152
17,20,30,215,168
6,2,2,217,153
3,9,1,217,173
6,2,0,218,125
3,9,11,218,117
17,25,29,218,186
17,20,30,218,180
0,4,7,218,85
0,4,4,219,93
6,2,9,219,185
3,9,3,221,161
3,9,8,221,103
6,2,4,222,183
3,9,5,222,145
3,9,5,223,110
3,9,0,224,138
3,4,4,224,86
11,2,11,224,144
3,9,13,225,137
12,7,7,225,111
6,2,12,225,212
17,18,29,226,127
3,9,14,226,121
3,9,1,226,98
3,4,3,226,87
8,7,0,227,127
11,2,2,227,161
8,7,7,227,88
3,9,3,228,96
8,7,1,228,103
11,2,6,228,135
3,9,0,228,125
17,24,30,228,171
8,7,3,229,88
17,25,31,229,146
0,9,1,229,176
15,9,7,230,190
3,9,11,231,115
0,9,1,231,172
3,7,0,232,148
1,9,3,232,208
17,20,31,233,162
3,9,6,233,117
3,9,1,234,107
11,2,12,236,123
3,4,6,237,91
11,2,2,237,110
0,14,4,237,127
17,19,31,238,103
1,14,7,239,116
11,2,8,239,98
12,8,3,239,130
3,4,6,240,43
11,2,9,241,96
12,9,6,241,104
11,2,14,243,95
1,14,9,244,103
12,7,5,250,118
12,7,7,251,120
12,9,14,251,101
12,7,9,252,109
12,7,3,254,106
12,7,4,263,97
12,7,9,263,87
12,7,5,264,83
12,7,1,265,75
15,2,8,265,112
24,17,30,266,179
12,7,12,269,77
0,4,9,270,126
0,4,4,270,124
15,2,4,271,93
0,4,14,272,141
15,0,5,273,81
1,4,14,273,133
0,4,11,275,122
6,14,11,275,162
15,4,14,276,162
0,2,8,277,95
6,14,9,277,140
3,14,6,280,146
6,9,3,280,143
6,14,0,280,105
6,9,6,281,103
15,4,3,281,171
15,4,3,281,144
15,4,12,282,118
3,14,8,282,195
6,9,12,283,168
17,21,30,283,146
6,7,12,284,90
0,9,1,284,214
6,14,0,284,103
6,9,9,284,93
15,9,4,284,228
15,4,6,285,110
0,2,14,285,89
6,14,13,285,183
3,9,9,287,175
15,4,1,287,98
6,14,9,288,102
3,9,14,289,163
6,14,8,289,85
15,14,12,290,43
6,14,5,291,106
20,17,31,291,137
17,19,32,293,145
6,14,14,293,106
0,4,2,294,130
6,8,9,295,134
0,4,1,295,109
6,8,5,295,128
0,4,1,296,104
6,8,8,298,77
6,8,7,300,126
0,9,14,300,172
6,8,3,300,66
17,23,30,300,128
5,9,3,301,143
0,4,4,301,103
5,14,11,302,147
5,9,4,303,88
0,4,2,303,93
0,4,8,304,73
18,19,31,304,142
0,4,12,306,91
17,19,29,306,142
0,4,4,307,90
0,2,6,307,79
0,4,0,308,89
11,1,4,309,198
3,1,2,309,195
5,2,3,309,185
6,2,11,309,201
0,4,8,311,87
3,9,5,311,166
3,9,4,312,151
17,23,32,312,174
6,2,14,313,223
3,9,7,313,172
3,9,4,313,150
3,9,3,313,150
17,18,33,314,159
6,2,2,314,204
3,9,8,315,153
0,4,8,315,94
3,9,0,316,120
17,22,30,316,167
6,2,2,317,131
3,9,8,317,150
17,19,32,317,104
11,2,5,318,140
3,9,3,318,176
17,21,31,318,127
0,4,5,319,92
17,25,30,319,157
0,4,6,320,76
3,9,3,321,130
3,9,3,321,147
3,9,7,322,130
6,2,4,323,127
17,23,29,323,171
3,9,6,323,114
3,9,4,324,105
8,7,5,325,121
12,7,2,325,114
8,2,13,326,174
6,2,6,326,178
3,9,4,327,109
3,9,0,328,120
6,2,14,328,148
3,9,1,328,106
6,2,12,329,189
3,9,14,329,108
3,9,12,329,164
6,2,1,330,199
17,25,30,330,169
3,9,0,330,98
6,2,3,331,144
3,4,7,333,59
17,20,33,333,186
0,7,14,333,209
3,9,2,333,105
3,9,9,334,111
3,4,9,334,52
0,7,12,335,230
15,9,6,335,169
15,9,2,335,229
15,9,6,336,194
0,9,11,336,176
3,4,12,338,42
1,14,6,338,78
0,9,14,338,195
1,14,8,339,62
24,25,33,339,130
12,9,5,339,117
17,22,32,341,178
12,9,2,341,114
11,2,2,343,89
0,7,2,343,196
1,14,11,344,52
1,14,4,345,52
17,20,31,347,163
3,4,2,350,30
12,7,3,350,120
12,7,9,352,121
0,2,13,352,111
17,20,33,352,150
12,7,14,354,119
12,7,2,356,119
12,9,1,356,79
3,4,9,356,35
25,24,30,356,101
6,13,0,358,146
12,7,2,359,107
12,8,1,360,137
12,7,1,361,102
3,4,9,361,30
12,7,6,365,86
5,14,5,366,156
12,7,6,367,73
12,7,5,367,87
12,4,11,370,142
10,14,4,370,245
12,4,0,372,132
0,4,5,372,139
12,7,9,373,68
12,14,0,373,160
0,4,3,374,132
12,8,9,374,111
0,4,14,374,131
8,14,2,375,234
3,14,1,376,239
0,4,6,376,129
6,14,7,377,153
12,8,6,378,89
3,14,2,379,243
6,7,11,380,134
0,4,0,380,120
6,14,2,382,172
0,4,4,383,131
6,14,5,384,124
15,9,4,385,237
15,9,5,385,183
15,4,8,385,137
6,14,8,385,166
21,17,29,385,168
0,9,7,386,198
20,17,31,386,154
0,4,6,387,126
15,4,0,387,156
6,14,2,387,125
0,2,8,388,86
6,14,2,388,123
3,14,0,388,211
0,4,2,389,116
6,14,8,389,113
6,14,7,389,121
0,4,3,390,121
15,4,1,391,186
0,4,8,391,99
17,25,33,391,212
6,14,5,391,107
6,14,6,391,163
15,4,4,392,175
6,14,11,392,134
15,4,0,393,125
0,4,9,394,111
0,4,1,394,94
17,19,32,394,155
0,4,2,395,104
6,14,14,396,121
5,9,8,397,152
0,9,1,397,171
0,9,9,397,175
0,4,5,398,97
5,9,1,399,106
6,14,12,399,113
5,9,0,400,155
6,8,11,402,128
5,9,1,402,138
17,19,29,402,145
17,19,32,403,158
6,8,1,404,105
0,4,8,404,84
20,17,30,405,103
6,8,8,406,97
17,19,32,406,139
11,2,3,407,198
11,2,2,408,215
11,2,9,408,193
11,1,7,409,226
11,1,9,409,196
11,1,1,409,256
11,2,9,409,195
6,8,3,409,94
0,4,14,410,73
3,1,0,410,251
5,2,8,410,220
11,2,3,412,193
6,8,4,412,82
0,4,11,412,69
8,2,0,413,199
3,9,8,413,179
3,9,7,413,180
11,2,5,414,149
3,9,1,414,141
3,9,5,415,128
3,9,3,415,164
0,4,5,415,68
6,2,14,415,207
8,2,12,415,166
3,9,1,416,115
11,2,8,417,190
11,2,8,417,172
3,9,4,417,110
3,9,0,417,120
17,23,32,417,171
3,9,5,418,129
25,17,29,418,190
11,2,5,418,148
3,9,5,419,173
3,9,9,420,102
17,18,31,420,148
3,9,9,421,168
3,9,2,421,96
17,23,29,421,174
6,2,8,422,200
3,9,7,422,93
3,9,6,422,167
3,9,11,423,151
3,9,2,424,141
3,4,4,424,85
11,2,13,424,171
3,9,7,425,142
12,7,4,425,107
17,23,32,425,151
6,2,7,426,172
3,9,6,426,132
6,2,0,427,135
1,9,5,427,122
3,9,2,427,129
17,25,32,428,192
12,7,12,429,118
12,2,2,429,145
3,9,9,429,118
3,4,11,429,79
8,7,14,429,53
3,9,7,431,103
3,9,5,431,107
3,7,3,432,190
17,25,33,432,189
17,25,29,432,147
3,7,0,432,185
3,9,7,433,115
15,9,5,433,164
3,4,14,433,58
17,18,29,433,128
3,4,6,435,51
15,9,7,437,225
17,22,30,437,144
1,14,11,438,123
17,24,31,438,240
17,20,31,441,164
5,13,7,443,149
17,22,30,443,145
11,2,0,443,80
17,22,31,445,193
5,13,5,446,111
3,7,14,446,137
12,7,1,450,123
12,9,1,450,70
12,7,14,452,120
12,7,3,454,114
17,24,32,455,226
15,2,3,464,68
18,19,32,465,142
5,14,11,467,168
5,14,8,467,133
10,14,8,468,312
12,8,7,471,98
12,7,8,473,71
12,4,0,473,169
8,14,0,473,218
15,0,1,473,97
12,7,4,474,70
12,7,9,474,71
3,14,1,474,212
15,4,7,475,112
0,2,14,477,108
6,9,8,479,114
6,14,4,479,162
5,14,14,479,138
6,14,7,480,155
6,9,2,481,93
12,4,5,481,185
6,14,0,482,167
15,4,1,483,147
6,14,7,483,175
15,9,3,484,198
6,9,12,484,96
6,14,9,484,140
15,4,5,485,144
6,14,5,485,142
6,14,3,485,127
6,14,7,486,170
15,0,12,486,74
20,17,29,486,178
15,9,13,486,245
6,14,8,487,167
21,17,31,487,160
6,14,9,488,99
1,9,12,489,214
21,17,30,489,154
6,14,8,490,133
6,14,5,490,94
6,14,9,491,143
6,14,7,492,139
6,14,14,492,106
17,19,33,495,120
17,19,33,497,114
0,4,6,499,121
5,14,3,500,131
5,9,8,502,134
0,4,9,502,106
17,21,29,503,155
0,4,14,504,131
6,13,3,504,155
0,4,4,505,129
0,4,4,505,119
0,4,0,505,114
11,2,4,507,137
0,4,11,507,104
0,4,12,507,117
0,4,8,508,96
11,1,3,509,149
11,1,0,509,255
11,1,4,509,273
6,2,6,509,197
6,8,12,509,143
11,2,6,510,214
11,2,3,511,203
6,8,8,511,120
0,4,0,511,92
0,4,14,512,97
15,14,9,512,33
17,21,31,512,132
3,1,8,513,249
11,2,6,513,191
17,25,31,513,183
6,8,4,513,74
0,4,5,513,93
8,2,0,514,197
3,9,6,514,92
11,2,1,515,183
3,9,14,515,168
0,4,0,515,92
3,9,9,515,138
6,2,4,516,176
3,9,1,516,148
3,9,7,516,160
3,9,12,517,179
3,9,4,517,86
3,9,3,517,128
17,23,32,517,154
6,2,7,518,177
25,24,31,518,128
17,24,30,518,199
6,8,12,519,167
25,17,32,519,201
3,9,4,520,164
3,9,8,520,103
5,2,8,521,231
3,9,2,521,86
3,9,1,522,89
11,2,3,522,189
15,9,5,523,175
3,9,2,523,105
3,9,8,524,121
3,9,6,525,107
12,7,0,525,113
17,18,31,525,131
17,22,30,525,156
3,9,1,526,101
15,9,3,526,171
12,7,5,527,111
12,7,4,527,113
3,9,0,527,115
17,20,32,528,175
15,9,4,528,158
3,7,6,531,157
11,2,14,533,151
3,4,7,533,66
1,9,12,534,183
1,9,9,534,178
17,25,31,535,162
12,2,8,535,111
1,9,5,536,161
15,14,0,536,38
11,2,11,537,133
11,2,3,538,147
12,8,0,538,124
1,14,9,538,107
3,4,9,539,50
11,2,1,540,128
1,14,14,541,68
17,22,31,543,184
6,13,3,543,160
11,2,12,543,132
17,22,31,543,189
11,2,3,545,129
11,2,12,546,110
1,14,4,547,51
12,9,9,548,83
12,7,9,549,127
12,7,6,550,100
1,14,4,551,50
12,7,5,552,113
17,22,33,555,164
3,4,11,556,28
17,22,29,557,154
1,14,4,559,47
15,2,2,561,143
15,2,0,563,130
12,8,5,565,130
8,14,7,566,223
12,14,2,567,159
0,4,14,572,138
0,4,2,573,134
15,0,14,573,37
3,14,9,574,216
0,4,0,575,137
1,4,3,575,129
3,14,8,575,196
24,17,32,576,255
19,18,31,576,136
12,8,12,577,115
3,14,9,577,178
25,24,29,578,123
18,17,29,578,136
3,14,4,578,220
6,9,9,579,152
15,4,14,579,140
17,19,30,579,126
6,14,14,581,174
6,14,4,582,165
6,14,8,583,139
12,8,14,584,81
0,9,0,585,208
6,14,4,585,158
6,14,7,586,155
0,2,6,587,85
15,4,8,587,117
3,14,14,588,246
6,14,1,588,138
6,14,11,589,138
15,4,5,590,138
6,14,14,590,187
0,2,8,591,87
25,17,32,593,195
6,14,9,593,113
15,4,5,594,98
6,14,1,594,110
17,25,33,594,199
0,4,14,596,120
0,4,8,597,112
22,25,32,597,139
21,17,32,598,152
17,19,31,599,137
5,14,0,600,143
0,4,0,600,112
0,4,9,601,111
0,4,7,602,94
5,14,8,602,128
17,25,33,602,183
17,19,33,603,133
0,4,2,605,96
0,4,2,605,111
5,9,2,606,122
0,4,9,606,93
18,17,33,606,117
6,2,9,607,243
17,19,32,607,120
6,2,11,609,219
25,24,30,610,103
6,2,7,610,205
17,18,32,610,178
5,2,5,611,209
11,1,14,611,227
11,2,14,611,177
6,8,9,611,95
0,4,13,611,92
5,2,0,612,212
3,9,2,612,163
17,18,30,612,135
6,8,0,613,148
3,9,7,613,172
5,2,0,613,182
8,2,8,614,185
8,2,0,614,260
3,9,2,614,161
0,4,13,614,85
3,9,11,615,173
0,4,4,615,85
3,9,5,616,154
0,4,7,616,72
3,9,0,617,169
6,8,12,618,152
3,9,8,618,181
17,18,33,618,175
3,9,9,619,160
17,25,32,619,189
3,9,1,620,170
17,21,31,620,135
17,22,33,620,187
0,9,3,621,165
17,24,32,622,233
11,2,8,623,142
3,9,13,623,147
17,25,30,623,150
3,9,12,624,164
3,9,7,625,152
17,20,32,625,184
12,7,11,625,116
8,7,2,625,84
6,2,9,625,133
3,9,12,625,146
3,9,8,626,146
3,9,12,626,151
17,22,30,626,164
3,9,11,626,151
3,9,8,626,149
11,2,6,627,150
3,9,6,627,107
12,2,11,628,161
3,9,8,628,117
3,9,8,629,118
17,25,29,629,183
8,7,14,629,108
8,7,14,629,60
3,9,12,630,111
3,9,6,630,112
3,9,0,630,95
0,7,1,631,202
3,7,4,631,184
11,2,8,631,142
15,9,7,632,191
17,18,29,633,139
1,9,7,633,173
3,4,2,633,63
11,2,4,634,106
1,9,6,634,135
15,9,9,634,154
17,18,32,636,137
0,9,3,637,175
3,4,11,637,69
11,2,2,637,115
1,14,7,637,106
11,2,6,638,88
3,4,2,638,50
1,14,4,638,105
11,2,0,641,106
3,7,3,642,112
11,2,4,643,83
1,14,12,644,87
11,2,5,645,84
3,8,9,645,150
12,7,6,649,123
12,7,8,650,110
12,7,3,651,117
12,9,6,652,82
17,22,29,652,177
12,9,2,655,83
17,20,29,657,135
12,7,1,659,107
15,14,1,659,33
3,4,3,661,25
12,7,9,663,102
24,25,33,665,125
12,7,14,666,100
5,14,0,668,164
12,14,1,668,126
12,7,2,669,82
15,2,8,669,66
5,13,1,670,210
12,7,13,672,92
0,4,0,673,113
12,7,5,673,79
15,0,3,673,97
12,7,8,674,73
12,8,7,674,116
12,7,12,675,85
3,14,6,676,224
0,4,8,676,120
5,14,9,677,204
12,8,6,678,100
6,14,9,678,165
6,14,6,679,156
6,9,2,679,162
12,4,12,680,160
6,9,8,680,132
20,17,30,680,121
6,9,9,681,82
0,4,3,681,130
6,14,9,681,127
17,19,30,682,113
1,4,9,682,164
6,14,8,682,144
6,7,11,683,71
0,9,2,684,209
1,9,1,684,189
3,14,11,684,230
3,9,9,685,204
0,4,7,685,127
6,14,3,685,148
15,4,3,686,154
15,9,8,686,264
6,14,9,687,161
0,9,9,687,214
15,4,5,687,88
15,9,14,688,219
15,4,14,688,142
15,4,1,689,87
6,14,3,689,154
3,14,12,689,224
0,4,5,690,124
0,4,4,690,129
17,25,31,690,193
15,9,14,690,209
6,14,6,691,176
6,14,1,691,122
6,14,6,692,104
15,4,2,693,174
6,14,5,693,91
15,4,9,694,171
0,9,7,694,180
6,14,2,694,96
6,14,9,695,91
6,14,7,696,89
17,23,33,696,176
0,4,5,697,130
5,14,6,700,106
0,4,1,701,129
0,4,4,704,122
0,4,12,705,131
0,4,0,706,113
0,4,1,706,117
6,8,7,706,132
0,4,13,706,129
6,2,0,707,226
6,8,6,707,112
17,20,31,707,182
6,2,3,708,265
5,2,4,709,258
6,8,1,709,121
0,4,7,709,114
17,21,33,710,145
6,8,6,711,90
17,19,33,711,117
17,23,30,711,173
17,21,33,712,170
3,9,9,712,179
0,4,14,712,109
0,4,5,712,105
17,20,33,712,187
6,2,12,713,304
3,9,6,713,171
3,9,0,713,176
3,9,2,714,147
3,9,3,715,163
3,9,5,715,160
17,18,29,715,167
3,9,5,716,172
3,9,6,717,145
3,9,12,718,184
0,4,11,718,85
3,9,4,719,115
17,21,33,719,139
3,9,8,720,89
3,9,4,720,149
3,9,12,720,138
0,4,3,720,86
17,24,29,720,246
6,2,6,721,274
3,9,8,721,159
17,18,29,722,147
3,9,1,722,169
3,9,9,724,193
17,23,29,724,157
12,7,5,725,132
17,25,29,725,192
12,7,3,725,117
8,2,1,726,177
3,4,14,726,92
3,9,9,727,102
3,9,2,727,112
8,7,11,727,98
8,7,11,727,104
11,2,6,727,143
15,9,3,727,180
8,7,2,729,79
3,4,4,729,89
17,23,29,730,132
8,7,1,731,53
3,9,13,731,108
11,2,8,732,94
3,4,5,732,68
1,9,1,733,201
11,2,1,734,98
17,18,32,734,138
3,7,6,735,115
3,9,14,735,173
1,14,8,736,95
11,2,8,736,144
15,9,8,736,225
17,21,29,738,143
12,9,9,740,92
11,2,8,740,92
0,7,2,741,180
11,1,1,741,288
17,20,30,741,119
17,22,32,742,188
17,24,32,742,233
3,7,7,743,117
11,2,2,743,149
3,4,9,743,65
11,2,4,744,80
17,22,33,744,192
11,2,1,744,84
3,8,4,745,141
17,20,29,745,136
3,4,7,747,46
17,22,33,748,182
12,7,8,751,113
3,4,9,753,36
17,20,31,754,134
12,7,0,760,100
12,7,14,765,104
12,7,12,766,109
12,7,0,766,88
11,14,3,767,196
0,4,11,770,120
0,4,6,770,130
12,8,5,771,113
0,4,1,772,114
1,4,11,772,126
12,7,9,772,69
0,4,9,773,113
20,17,33,773,183
12,7,1,774,69
15,4,7,776,141
3,14,5,778,227
6,9,7,779,114
6,9,6,780,108
3,14,11,780,178
12,8,14,781,105
6,9,3,781,170
15,4,14,782,107
12,8,7,782,96
6,9,7,783,122
3,14,2,783,166
12,8,8,783,81
21,17,31,783,167
0,4,3,784,138
24,25,30,784,95
6,9,11,784,115
1,9,7,785,237
3,14,14,786,235
0,4,9,786,119
18,17,29,786,119
17,19,30,786,122
1,9,14,788,215
0,4,1,789,128
1,4,1,791,172
6,14,0,791,131
0,4,9,792,155
6,14,12,792,174
6,14,6,793,163
6,14,4,794,163
17,21,31,794,170
6,14,14,795,134
6,14,2,795,136
15,4,2,796,122
1,4,8,796,86
17,19,32,796,155
15,4,11,798,109
6,14,5,798,99
0,9,5,798,179
6,14,6,798,123
0,4,4,799,116
0,4,2,799,130
6,14,2,799,102
17,21,33,800,172
0,4,11,800,122
6,14,4,800,106
5,14,4,800,113
15,4,3,801,135
8,0,8,801,298
25,17,30,801,168
5,14,8,801,84
6,8,11,802,125
0,4,0,804,111
6,8,1,808,75
0,4,14,810,116
17,24,30,810,229
17,21,31,812,167
17,22,30,812,171
0,4,14,812,119
3,9,9,813,172
3,9,8,813,173
3,9,11,813,174
0,4,3,813,119
3,9,4,815,144
3,9,0,815,139
3,9,6,815,162
3,9,9,815,172
17,20,32,816,196
3,9,14,817,151
3,9,7,818,134
6,2,12,819,331
3,9,1,819,121
17,20,30,819,172
17,18,31,820,168
6,2,2,822,301
3,9,14,822,178
11,2,14,823,156
3,9,4,823,163
3,9,9,824,135
1,9,8,824,194
5,2,12,825,276
17,25,30,825,167
12,7,4,825,115
6,2,14,825,249
11,2,5,827,153
3,4,12,827,98
3,9,6,827,168
12,7,14,828,117
3,4,7,828,93
3,9,2,829,125
12,7,14,829,119
3,9,5,829,155
12,7,5,830,112
12,2,6,830,119
1,9,4,830,135
8,7,2,831,74
6,2,1,831,131
3,9,3,831,136
8,7,14,832,83
8,7,6,832,72
11,2,9,832,119
3,4,0,833,72
17,22,33,833,164
8,7,14,834,65
6,2,3,834,255
11,2,7,834,136
0,7,4,834,272
3,9,12,834,123
17,20,32,834,167
11,2,14,836,130
3,9,14,836,120
3,9,12,836,124
17,22,29,836,194
0,7,14,837,273
0,7,7,837,220
11,2,9,837,121
3,4,9,837,44
3,7,8,838,183
6,2,3,838,286
12,9,9,838,100
12,2,1,839,173
3,4,2,839,37
1,14,1,839,80
17,22,31,841,208
12,8,11,841,129
6,2,2,842,245
0,14,12,842,157
11,2,12,844,177
3,4,14,844,32
11,2,2,845,133
11,1,6,845,305
6,13,14,846,237
11,2,4,846,87
17,22,31,847,200
17,22,33,848,204
12,7,5,850,127
12,7,8,852,110
12,7,8,852,113
12,9,0,853,74
0,2,11,856,136
12,7,2,857,110
15,2,7,861,139
12,7,7,862,82
15,2,2,865,125
12,14,6,866,313
12,14,0,867,243
12,8,14,870,126
12,4,5,870,145
0,4,11,873,156
15,0,8,873,73
0,4,11,873,173
12,14,7,874,153
0,4,11,875,153
0,4,6,875,149
15,0,14,875,83
15,2,8,876,103
0,4,0,877,150
0,4,0,877,175
0,4,1,878,140
0,4,4,878,162
3,14,3,879,230
0,4,2,880,154
10,14,12,880,288
12,8,1,880,78
1,4,6,881,132
11,14,14,881,147
3,9,3,884,188
6,14,14,884,157
3,9,9,885,171
3,14,0,885,236
3,14,2,885,247
15,9,7,886,197
1,9,14,887,215
1,9,5,887,212
3,14,13,888,253
15,9,8,888,283
15,4,2,888,133
15,4,13,888,165
3,9,9,889,204
3,14,3,889,238
17,25,30,890,185
0,4,3,890,181
15,4,3,890,128
6,14,14,890,150
3,14,11,890,164
15,9,14,891,285
6,14,11,892,132
3,9,3,892,181
0,4,5,892,158
6,7,11,893,62
3,14,11,893,219
15,9,2,893,236
6,14,4,893,124
15,4,0,894,96
3,14,6,894,169
8,0,6,894,254
3,14,2,894,203
0,4,4,895,138
3,14,14,896,189
8,0,7,896,225
0,2,13,896,114
15,9,8,896,204
0,4,6,897,126
6,14,1,897,131
6,14,11,897,183
15,9,6,898,266
5,9,6,898,94
6,14,1,898,122
6,14,4,899,150
6,14,9,899,132
trip_data_format_1_1_end
