## -------------------------------------------------------------------------------------------------------------------------------
##      |   current       |                               all vehicles                                       |   bus-specific
## time |   nv mean veh   | ave travel tot travel total veh        total mean veh          VKT        VHT    |
##      |      speed(kph) | time(s)    time(s)    dist( m)         nv    speed(kph)                          | stops time  on off
## -------------------------------------------------------------------------------------------------------------------------------
00:01:00    80       19.0      29.6       2429       16072         82          23.8      16.07       0.67
     BUS    10       10.1      33.5        335        1644         10          17.7       1.64       0.09          1   11   3   2
     ALL    90       18.0      30.0       2764       17716         92          23.1      17.72       0.77
00:02:00   155       21.3      54.4       9622       49948        177          18.7      49.95       2.67
     BUS    22       17.5      57.4       1262        5221         22          14.9       5.22       0.35          3   46   8  43
     ALL   177       20.8      54.7      10884       55170        199          18.2      55.17       3.02
00:03:00   240       18.5      74.5      21692      109431        291          18.2     109.43       6.03
     BUS    39       11.6      77.9       3037       11740         39          13.9      11.74       0.84         11  269  66 274
     ALL   279       17.6      74.9      24729      121171        330          17.6     121.17       6.87
00:04:00   238       19.2      89.3      35452      176117        397          17.9     176.12       9.85
     BUS    41       14.5     119.9       5395       19205         45          12.8      19.20       1.50         21  578 141 525
     ALL   279       18.5      92.4      40847      195322        442          17.2     195.32      11.35
00:05:00   289       16.2      98.8      50786      248922        514          17.6     248.92      14.11
     BUS    56       10.5     128.4       8216       29749         64          13.0      29.75       2.28         32 1040 243 790
     ALL   345       15.2     102.1      59002      278671        578          17.0     278.67      16.39
00:06:00   277       15.3     105.7      64803      318635        613          17.7     318.63      18.00
     BUS    57        9.3     151.1      11334       40629         75          12.9      40.63       3.15         41 1434 392 874
     ALL   334       14.3     110.7      76137      359264        688          17.0     359.26      21.15
00:07:00   271       19.9     110.5      79666      387737        721          17.5     387.74      22.13
## -------------------------------------------------------------------------------------------------------------------------------
##      |   current       |                               all vehicles                                       |   bus-specific
## time |   nv mean veh   | ave travel tot travel total veh        total mean veh          VKT        VHT    |
##      |      speed(kph) | time(s)    time(s)    dist( m)         nv    speed(kph)                          | stops time  on off
## -------------------------------------------------------------------------------------------------------------------------------
     BUS    69       10.7     161.0      15135       52498         94          12.5      52.50       4.20         51 1799 519 1067
     ALL   340       18.0     116.3      94801      440236        815          16.7     440.24      26.33
00:08:00   303       16.6     115.3      95343      453656        827          17.1     453.66      26.48
     BUS    74       12.6     189.0      19279       65692        102          12.3      65.69       5.36         60 1986 584 1167
     ALL   377       15.8     123.4     114622      519348        929          16.3     519.35      31.84
00:09:00   279       17.7     114.9     107193      518246        933          17.4     518.25      29.78
     BUS    69       11.3     203.3      23579       78874        116          12.0      78.87       6.55         74 2415 782 1370
     ALL   348       16.4     124.7     130772      597120       1049          16.4     597.12      36.33
00:10:00   312       16.0     116.0     121137      589643       1044          17.5     589.64      33.65
     BUS    69       10.4     215.7      27823       94126        129          12.2      94.13       7.73         90 2998 943 1700
     ALL   381       15.0     127.0     148960      683769       1173          16.5     683.77      41.38
00:11:00   309       16.8     116.8     135367      658899       1159          17.5     658.90      37.60
     BUS    72       11.7     223.8      31999      106355        143          12.0     106.35       8.89        100 3297 1045 1911
     ALL   381       15.8     128.5     167366      765254       1302          16.5     765.25      46.49
00:12:00   318       18.2     115.7     148940      736521       1287          17.8     736.52      41.37
     BUS    63        8.1     238.4      35992      119519        151          12.0     119.52      10.00        118 3928 1206 2256
     ALL   381       16.5     128.6     184932      856040       1438          16.7     856.04      51.37
00:13:00   358       18.2     118.0     166330      810653       1409          17.5     810.65      46.20
     BUS    85       14.9     224.1      40345      134842        180          12.0     134.84      11.21        127 4169 1282 2436
## -------------------------------------------------------------------------------------------------------------------------------
##      |   current       |                               all vehicles                                       |   bus-specific
## time |   nv mean veh   | ave travel tot travel total veh        total mean veh          VKT        VHT    |
##      |      speed(kph) | time(s)    time(s)    dist( m)         nv    speed(kph)                          | stops time  on off
## -------------------------------------------------------------------------------------------------------------------------------
     ALL   443       17.6     130.1     206675      945495       1589          16.5     945.50      57.41
00:14:00   321       17.2     118.6     179492      883130       1514          17.7     883.13      49.86
     BUS    70       12.8     238.9      44916      151176        188          12.1     151.18      12.48        141 4610 1380 2689
     ALL   391       16.4     131.8     224408     1034306       1702          16.6    1034.31      62.34
00:15:00   321       14.4     121.8     196316      970115       1612          17.8     970.11      54.53
     BUS    73        8.6     243.6      49204      164502        202          12.0     164.50      13.67        156 5046 1489 3054
     ALL   394       13.3     135.3     245520     1134616       1814          16.6    1134.62      68.20
00:16:00   328       16.5     122.2     211992     1044228       1735          17.7    1044.23      58.89
     BUS    74        8.4     249.7      53436      177503        214          12.0     177.50      14.84        169 5499 1636 3239
     ALL   402       15.0     136.2     265428     1221730       1949          16.6    1221.73      73.73
00:17:00   300       19.1     123.1     225599     1126306       1833          18.0    1126.31      62.67
     BUS    63       10.4     258.9      57740      192769        223          12.0     192.77      16.04        181 5876 1739 3417
     ALL   363       17.6     137.8     283339     1319076       2056          16.8    1319.08      78.71
00:18:00   322       21.2     123.0     241285     1207719       1961          18.0    1207.72      67.02
     BUS    67       12.4     261.3      61416      205223        235          12.0     205.22      17.06        193 6177 1845 3609
     ALL   389       19.7     137.8     302701     1412942       2196          16.8    1412.94      84.08
00:19:00   293       18.7     122.2     254385     1289041       2082          18.2    1289.04      70.66
     BUS    72       13.4     255.1      65563      219958        257          12.1     219.96      18.21        210 6724 2011 3886
     ALL   365       17.7     136.8     319948     1508998       2339          17.0    1509.00      88.87
## -------------------------------------------------------------------------------------------------------------------------------
##      |   current       |                               all vehicles                                       |   bus-specific
## time |   nv mean veh   | ave travel tot travel total veh        total mean veh          VKT        VHT    |
##      |      speed(kph) | time(s)    time(s)    dist( m)         nv    speed(kph)                          | stops time  on off
## -------------------------------------------------------------------------------------------------------------------------------
00:20:00   305       17.7     122.7     267981     1364145       2184          18.3    1364.15      74.44
     BUS    67       11.5     262.8      69892      234851        266          12.1     234.85      19.41        222 7148 2135 4130
     ALL   372       16.6     137.9     337873     1598996       2450          17.0    1599.00      93.85
00:21:00   312       15.8     122.4     282105     1433493       2305          18.3    1433.49      78.36
     BUS    72       11.4     260.6      73741      247731        283          12.1     247.73      20.48        235 7537 2230 4414
     ALL   384       15.0     137.5     355846     1681223       2588          17.0    1681.22      98.85
00:22:00   303       18.0     122.8     296538     1516006       2414          18.4    1516.01      82.37
     BUS    65       10.1     267.7      77899      261771        291          12.1     261.77      21.64        252 7994 2356 4688
     ALL   368       16.6     138.4     374437     1777776       2705          17.1    1777.78     104.01
00:23:00   336       19.9     123.0     312077     1594899       2538          18.4    1594.90      86.69
     BUS    62       13.7     272.8      81564      273418        299          12.1     273.42      22.66        257 8113 2404 4750
     ALL   398       19.0     138.8     393641     1868317       2837          17.1    1868.32     109.34
00:24:00   300       16.7     122.9     325546     1668021       2649          18.4    1668.02      90.43
     BUS    57       14.0     272.7      84825      284513        311          12.1     284.51      23.56        267 8441 2465 4944
     ALL   357       16.3     138.6     410371     1952534       2960          17.1    1952.53     113.99
00:25:00   333       14.7     122.8     341761     1750833       2783          18.4    1750.83      94.93
     BUS    69       12.0     265.1      88824      299621        335          12.1     299.62      24.67        279 9010 2664 5182
     ALL   402       14.2     138.1     430585     2050453       3118          17.1    2050.45     119.61
00:26:00   353       15.5     123.8     358510     1823076       2897          18.3    1823.08      99.59
## -------------------------------------------------------------------------------------------------------------------------------
##      |   current       |                               all vehicles                                       |   bus-specific
## time |   nv mean veh   | ave travel tot travel total veh        total mean veh          VKT        VHT    |
##      |      speed(kph) | time(s)    time(s)    dist( m)         nv    speed(kph)                          | stops time  on off
## -------------------------------------------------------------------------------------------------------------------------------
     BUS    68       11.2     270.4      92757      312283        343          12.1     312.28      25.77        290 9344 2800 5369
     ALL   421       14.8     139.3     451267     2135359       3240          17.0    2135.36     125.35
00:27:00   318       16.2     124.5     373250     1900117       2998          18.3    1900.12     103.68
     BUS    60       10.3     273.0      96657      326769        354          12.2     326.77      26.85        303 9686 2882 5654
     ALL   378       15.3     140.2     469907     2226886       3352          17.1    2226.89     130.53
00:28:00   334       20.1     125.7     389657     1976544       3101          18.3    1976.54     108.24
     BUS    61       11.8     274.6      99949      337743        364          12.2     337.74      27.76        312 9935 2963 5783
     ALL   395       18.8     141.3     489606     2314287       3465          17.0    2314.29     136.00
00:29:00   287       15.1     126.0     404110     2052670       3207          18.3    2052.67     112.25
     BUS    64       14.1     272.2     103693      351079        381          12.2     351.08      28.80        327 10358 3104 6021
     ALL   351       14.9     141.5     507803     2403749       3588          17.0    2403.75     141.06
00:30:00   320       14.8     126.8     419992     2125588       3312          18.2    2125.59     116.66
     BUS    67        9.8     273.7     107565      364584        393          12.2     364.58      29.88        341 10913 3252 6314
     ALL   387       14.0     142.4     527557     2490172       3705          17.0    2490.17     146.54
00:31:00   333       15.2     126.5     434519     2190545       3436          18.1    2190.55     120.70
     BUS    70        9.0     272.1     111545      377658        410          12.2     377.66      30.98        352 11325 3404 6449
     ALL   403       14.1     142.0     546064     2568204       3846          16.9    2568.20     151.68
00:32:00   320       18.1     126.8     448617     2266461       3537          18.2    2266.46     124.62
     BUS    64       10.0     274.5     115577      390914        421          12.2     390.91      32.10        363 11656 3511 6640
## -------------------------------------------------------------------------------------------------------------------------------
##      |   current       |                               all vehicles                                       |   bus-specific
## time |   nv mean veh   | ave travel tot travel total veh        total mean veh          VKT        VHT    |
##      |      speed(kph) | time(s)    time(s)    dist( m)         nv    speed(kph)                          | stops time  on off
## -------------------------------------------------------------------------------------------------------------------------------
     ALL   384       16.8     142.5     564194     2657375       3958          17.0    2657.37     156.72
00:33:00   341       19.2     128.0     466736     2341528       3647          18.1    2341.53     129.65
     BUS    70       13.8     277.5     119584      403051        431          12.1     403.05      33.22        373 11946 3621 6809
     ALL   411       18.3     143.8     586320     2744579       4078          16.9    2744.58     162.87
00:34:00   289       15.5     128.4     480202     2415520       3741          18.1    2415.52     133.39
     BUS    59       15.0     281.3     123221      415382        438          12.1     415.38      34.23        391 12494 3802 7129
     ALL   348       15.4     144.4     603423     2830902       4179          16.9    2830.90     167.62
00:35:00   323       15.9     128.7     496608     2495033       3860          18.1    2495.03     137.95
     BUS    61       11.5     282.7     126916      427408        449          12.1     427.41      35.25        400 12780 3860 7332
     ALL   384       15.2     144.7     623524     2922441       4309          16.9    2922.44     173.20
00:36:00   311       16.5     128.6     509356     2564731       3961          18.1    2564.73     141.49
     BUS    58        8.4     281.5     130033      438072        462          12.1     438.07      36.12        411 13094 3959 7544
     ALL   369       15.2     144.6     639389     3002803       4423          16.9    3002.80     177.61
00:37:00   297       19.3     128.3     523339     2644388       4079          18.2    2644.39     145.37
     BUS    67       12.9     275.6     133948      453388        486          12.2     453.39      37.21        418 13324 4021 7598
     ALL   364       18.1     144.0     657287     3097776       4565          17.0    3097.78     182.58
00:38:00   307       20.6     129.7     540284     2712614       4167          18.1    2712.61     150.08
     BUS    79       15.3     276.3     138162      466286        500          12.1     466.29      38.38        431 13756 4164 7857
     ALL   386       19.5     145.4     678446     3178899       4667          16.9    3178.90     188.46
## -------------------------------------------------------------------------------------------------------------------------------
##      |   current       |                               all vehicles                                       |   bus-specific
## time |   nv mean veh   | ave travel tot travel total veh        total mean veh          VKT        VHT    |
##      |      speed(kph) | time(s)    time(s)    dist( m)         nv    speed(kph)                          | stops time  on off
## -------------------------------------------------------------------------------------------------------------------------------
00:39:00   277       17.0     128.4     550070     2786399       4285          18.2    2786.40     152.80
     BUS    65       12.9     279.8     142418      481098        509          12.2     481.10      39.56        449 14272 4325 8159
     ALL   342       16.2     144.4     692488     3267498       4794          17.0    3267.50     192.36
00:40:00   300       15.6     128.6     564602     2858302       4390          18.2    2858.30     156.83
     BUS    62        8.7     283.2     146143      493801        516          12.2     493.80      40.60        462 14783 4464 8457
     ALL   362       14.4     144.9     710745     3352104       4906          17.0    3352.10     197.43
00:41:00   305       17.7     128.9     579761     2925560       4499          18.2    2925.56     161.04
     BUS    65       13.0     282.7     149824      506170        530          12.2     506.17      41.62        474 15071 4579 8611
     ALL   370       16.9     145.1     729585     3431731       5029          16.9    3431.73     202.66
00:42:00   284       17.7     128.2     591103     3007200       4612          18.3    3007.20     164.20
     BUS    50       11.7     284.4     153275      520169        539          12.2     520.17      42.58        482 15303 4648 8746
     ALL   334       16.8     144.5     744378     3527369       5151          17.1    3527.37     206.77
00:43:00   336       18.2     128.3     608373     3079973       4742          18.2    3079.97     168.99
     BUS    62       13.0     282.4     156711      531510        555          12.2     531.51      43.53        489 15590 4766 8820
     ALL   398       17.4     144.4     765084     3611482       5297          17.0    3611.48     212.52
00:44:00   298       15.3     128.4     622312     3155914       4848          18.3    3155.91     172.86
     BUS    54       13.7     283.3     160057      542710        565          12.2     542.71      44.46        504 15995 4880 9095
     ALL   352       15.1     144.5     782369     3698624       5413          17.0    3698.62     217.32
00:45:00   323       16.6     129.0     638630     3233683       4952          18.2    3233.68     177.40
## -------------------------------------------------------------------------------------------------------------------------------
##      |   current       |                               all vehicles                                       |   bus-specific
## time |   nv mean veh   | ave travel tot travel total veh        total mean veh          VKT        VHT    |
##      |      speed(kph) | time(s)    time(s)    dist( m)         nv    speed(kph)                          | stops time  on off
## -------------------------------------------------------------------------------------------------------------------------------
     BUS    62       11.4     281.4     163514      554985        581          12.2     554.98      45.42        519 16453 5007 9447
     ALL   385       15.7     145.0     802144     3788668       5533          17.0    3788.67     222.82
00:46:00   304       15.4     129.2     654115     3304359       5061          18.2    3304.36     181.70
     BUS    59        8.0     282.6     167033      566748        591          12.2     566.75      46.40        528 16849 5093 9662
     ALL   363       14.2     145.3     821148     3871107       5652          17.0    3871.11     228.10
00:47:00   294       18.1     129.5     668744     3383388       5163          18.2    3383.39     185.76
     BUS    54       11.9     285.3     170625      578130        598          12.2     578.13      47.40        539 17154 5183 9810
     ALL   348       17.1     145.7     839369     3961518       5761          17.0    3961.52     233.16
00:48:00   317       20.5     129.7     684399     3456348       5276          18.2    3456.35     190.11
     BUS    62       12.0     283.6     173820      589415        613          12.2     589.41      48.28        549 17420 5284 9934
     ALL   379       19.2     145.7     858219     4045762       5889          17.0    4045.76     238.39
00:49:00   305       14.9     129.2     698420     3532374       5405          18.2    3532.37     194.01
     BUS    65       13.3     280.8     177716      603887        633          12.2     603.89      49.37        560 17737 5384 10064
     ALL   370       14.6     145.1     876136     4136260       6038          17.0    4136.26     243.37
00:50:00   333       13.5     129.5     714198     3606871       5513          18.2    3606.87     198.39
     BUS    64       11.1     281.7     181708      619772        645          12.3     619.77      50.47        579 18386 5601 10434
     ALL   397       13.1     145.5     895906     4226643       6158          17.0    4226.64     248.86
00:51:00   319       17.0     130.2     730587     3674274       5612          18.1    3674.27     202.94
     BUS    63       10.2     283.4     185366      630994        654          12.3     630.99      51.49        588 18609 5675 10622
## -------------------------------------------------------------------------------------------------------------------------------
##      |   current       |                               all vehicles                                       |   bus-specific
## time |   nv mean veh   | ave travel tot travel total veh        total mean veh          VKT        VHT    |
##      |      speed(kph) | time(s)    time(s)    dist( m)         nv    speed(kph)                          | stops time  on off
## -------------------------------------------------------------------------------------------------------------------------------
     ALL   382       15.9     146.2     915953     4305268       6266          16.9    4305.27     254.43
00:52:00   295       17.4     130.3     745578     3759036       5723          18.2    3759.04     207.11
     BUS    56       11.0     286.1     188838      642358        660          12.2     642.36      52.46        602 19223 5867 10843
     ALL   351       16.4     146.4     934416     4401394       6383          17.0    4401.39     259.56
00:53:00   328       19.3     130.5     761845     3833214       5838          18.1    3833.21     211.62
     BUS    63       14.0     284.3     192196      653535        676          12.2     653.54      53.39        610 19471 5970 10951
     ALL   391       18.4     146.5     954041     4486749       6514          16.9    4486.75     265.01
00:54:00   304       15.7     130.2     775350     3906049       5955          18.1    3906.05     215.37
     BUS    58       14.2     284.2     195508      666251        688          12.3     666.25      54.31        621 19761 6061 11097
     ALL   362       15.5     146.1     970858     4572300       6643          17.0    4572.30     269.68
00:55:00   337       14.5     130.2     791850     3981364       6080          18.1    3981.36     219.96
     BUS    67       12.2     282.9     199441      679941        705          12.3     679.94      55.40        631 20160 6137 11382
     ALL   404       14.2     146.1     991291     4661305       6785          16.9    4661.31     275.36
00:56:00   338       15.2     130.4     807192     4051383       6190          18.1    4051.38     224.22
     BUS    63        9.9     284.8     203048      691351        713          12.3     691.35      56.40        641 20436 6214 11637
     ALL   401       14.4     146.3    1010240     4742733       6903          16.9    4742.73     280.62
00:57:00   332       17.7     130.0     821768     4134787       6319          18.1    4134.79     228.27
     BUS    53       12.2     285.9     206737      706412        723          12.3     706.41      57.43        654 20764 6326 11838
     ALL   385       16.9     146.1    1028505     4841199       7042          16.9    4841.20     285.70
## -------------------------------------------------------------------------------------------------------------------------------
##      |   current       |                               all vehicles                                       |   bus-specific
## time |   nv mean veh   | ave travel tot travel total veh        total mean veh          VKT        VHT    |
##      |      speed(kph) | time(s)    time(s)    dist( m)         nv    speed(kph)                          | stops time  on off
## -------------------------------------------------------------------------------------------------------------------------------
00:58:00   335       18.1     130.7     839922     4211984       6428          18.1    4211.98     233.31
     BUS    56       14.1     286.3     209830      716254        733          12.3     716.25      58.29        663 21053 6450 11978
     ALL   391       17.5     146.6    1049752     4928238       7161          16.9    4928.24     291.60
00:59:00   299       17.9     130.7     854424     4287266       6536          18.1    4287.27     237.34
     BUS    47       13.4     288.0     212813      727203        739          12.3     727.20      59.11        677 21534 6619 12248
     ALL   346       17.3     146.7    1067237     5014469       7275          16.9    5014.47     296.45
01:00:00   296       16.5     131.2     869926     4372565       6631          18.1    4372.56     241.65
     BUS    36        6.6     291.5     215408      736700        739          12.3     736.70      59.84        683 21811 6713 12357
     ALL   332       15.5     147.3    1085334     5109265       7370          16.9    5109.27     301.48
