01:00:00 Matrix 1

   |   1    2    3    4    5    6    7    8    9   10   11   12   13   14   15   16   17   18   19   20   21   22   23   24   25   26  Total(Block)Tries
---------------------------------------------------------------------------------------------------------------------------------------------------------
  1|   0    0   15    0  183    0    0   22    0   36    0    0    0    0    2    0    0    0    0    0    0    0    0    0    0    0 |  258 (   0)  258
  2|   0    0    0    0   16    0    0    0    0   19    0    0    0    0   24    0    0    0    0    0    0    0    0    0    0    0 |   59 (   0)   59
  3|   0    0    0    0    0    0    0    0    0    0    0    0    0    0    0    0    0    0    0    0    0    0    0    0    0    0 |    0 (   0)    0
  4|   0    4    0    0   30    0    0   21    2  210    0    0    0    0   27    0    0    0    0    0    0    0    0    0    0    0 |  294 (   0)  294
  5|   0    0    0    0    0    0    0    0    0    0    0    0    0    0    0    0    0    0    0    0    0    0    0    0    0    0 |    0 (   0)    0
  6|   0    0   11    0    0    0    0    2    0    9    0    0    0    2   19    0    0    0    0    0    0    0    0    0    0    0 |   43 (   0)   43
  7|   3    0   38    0    0    0    0    6   36   17    0    0    0    8  112    0    0    0    0    0    0    0    0    0    0    0 |  220 (   0)  220
  8|   0    0    0    0    0    0    0    0    0    0    0    0    0    0    0    0    0    0    0    0    0    0    0    0    0    0 |    0 (   0)    0
  9|   3    0    5    0    3    0    0   23    0    0    0    0    0    0    3    0    0    0    0    0    0    0    0    0    0    0 |   37 (   0)   37
 10|   0    0    0    0    0    0    0    0    0    0    0    0    0    0    0    0    0    0    0    0    0    0    0    0    0    0 |    0 (   0)    0
 11|   0    0    8    0    0    0    0    0    0    0    0    0    0    0    4    0    0    0    0    0    0    0    0    0    0    0 |   12 (   0)   12
 12|   2   19   82    0    1    0    0    0    0    0    0    0    0    0   16    0    0    0    0    0    0    0    0    0    0    0 |  120 (   0)  120
 13|   0    0   12    0   13    0    0   74   30   12    0    0    0    0    4    0    0    0    0    0    0    0    0    0    0    0 |  145 (   0)  145
 14|   0    0    0    0    0    0    0    0    0    0    0    0    0    0    0    0    0    0    0    0    0    0    0    0    0    0 |    0 (   0)    0
 15|   0    0    0    0    0    0    0    0    0    0    0    0    0    0    0    0    0    0    0    0    0    0    0    0    0    0 |    0 (   0)    0
 16|   9    0    9    0   48    0    0    0    0   25    0    0    0    0    2    0    0    0    0    0    0    0    0    0    0    0 |   93 (   0)   93
 17|   0    0    0    0    0    0    0    0    0    0    0    0    0    0    0    0    0    0    0    0    0    0    0    0    0    0 |    0 (   0)    0
 18|   0    0    0    0    0    0    0    0    0    0    0    0    0    0    0    0    0    0    0    0    0    0    0    0    0    0 |    0 (   0)    0
 19|   0    0    0    0    0    0    0    0    0    0    0    0    0    0    0    0    0    0    0    0    0    0    0    0    0    0 |    0 (   0)    0
 20|   0    0    0    0    0    0    0    0    0    0    0    0    0    0    0    0    0    0    0    0    0    0    0    0    0    0 |    0 (   0)    0
 21|   0    0    0    0    0    0    0    0    0    0    0    0    0    0    0    0    0    0    0    0    0    0    0    0    0    0 |    0 (   0)    0
 22|   0    0    0    0    0    0    0    0    0    0    0    0    0    0    0    0    0    0    0    0    0    0    0    0    0    0 |    0 (   0)    0
 23|   0    0    0    0    0    0    0    0    0    0    0    0    0    0    0    0    0    0    0    0    0    0    0    0    0    0 |    0 (   0)    0
 24|   0    0    0    0    0    0    0    0    0    0    0    0    0    0    0    0    0    0    0    0    0    0    0    0    0    0 |    0 (   0)    0
 25|   0    0    0    0    0    0    0    0    0    0    0    0    0    0    0    0    0    0    0    0    0    0    0    0    0    0 |    0 (   0)    0
 26|   0    0    0    0    0    0    0    0    0    0    0    0    0    0    0    0    0    0    0    0    0    0    0    0    0    0 |    0 (   0)    0
---------------------------------------------------------------------------------------------------------------------------------------------------------
 + |  17   23  180    0  294    0    0  148   68  328    0    0    0   10  213    0    0    0    0    0    0    0    0    0    0    0 | 1281 (   0) 1281

01:00:00 Matrix 2

   |   1    2    3    4    5    6    7    8    9   10   11   12   13   14   15   16   17   18   19   20   21   22   23   24   25   26  Total(Block)Tries
---------------------------------------------------------------------------------------------------------------------------------------------------------
  1|   0    0    0    0    0    0    0    0    0    0    0    0    0    0    0    0    0    0    0    0    0    0    0    0    0    0 |    0 (   0)    0
  2|   0    0    0    0    0    0    0    0    0    0    0    0    0    0    0    0    0    0    0    0    0    0    0    0    0    0 |    0 (   0)    0
  3|   0    0    0    0    0    0    0    0    0    0    0    0    0    0    0    0    0    0    0    0    0    0    0    0    0    0 |    0 (   0)    0
  4|   0    0    0    0    0    0    0    0    0    0    0    0    0    0    0    0    0    0    0    0    0    0    0    0    0    0 |    0 (   0)    0
  5|   0    0    0    0    0    0    0    0    0    0    0    0    0    0    0    0    0    0    0    0    0    0    0    0    0    0 |    0 (   0)    0
  6|   0    0    0    0    0    0    0    0    0    0    0    0    0    0    0    0    0    0    0    0    0    0    0    0    0    0 |    0 (   0)    0
  7|   0    0    0    0    0    0    0    0    0    0    0    0    0    0    0    0    0    0    0    0    0    0    0    0    0    0 |    0 (   0)    0
  8|   0    0    0    0    0    0    0    0    0    0    0    0    0    0    0    0    0    0    0    0    0    0    0    0    0    0 |    0 (   0)    0
  9|   0    0    0    0    0    0    0    0    0    0    0    0    0    0    0    0    0    0    0    0    0    0    0    0    0    0 |    0 (   0)    0
 10|   0    0    0    0    0    0    0    0    0    0    0    0    0    0    0    0    0    0    0    0    0    0    0    0    0    0 |    0 (   0)    0
 11|   0    0    0    0    0    0    0    0    0    0    0    0    0    0    0    0    0    0    0    0    0    0    0    0    0    0 |    0 (   0)    0
 12|   0    0    0    0    0    0    0    0    0    0    0    0    0    0    0    0    0    0    0    0    0    0    0    0    0    0 |    0 (   0)    0
 13|   0    0    0    0    0    0    0    0    0    0    0    0    0    0    0    0    0    0    0    0    0    0    0    0    0    0 |    0 (   0)    0
 14|   0    0    0    0    0    0    0    0    0    0    0    0    0    0    0    0    0    0    0    0    0    0    0    0    0    0 |    0 (   0)    0
 15|   0    0    0    0    0    0    0    0    0    0    0    0    0    0    0    0    0    0    0    0    0    0    0    0    0    0 |    0 (   0)    0
 16|   0    0    0    0    0    0    0    0    0    0    0    0    0    0    0    0    0    0    0    0    0    0    0    0    0    0 |    0 (   0)    0
 17|   0    0    0    0    0    0    0    0    0    0    0    0    0    0    0    0    0    0    0    0    0    0    0    0    0    0 |    0 (   0)    0
 18|   0    0    0    0    0    0    0    0    0    0    0    0    0    0    0    0    0    0   24   20   18   32   21   29   31   18 |  193 (   0)  193
 19|   0    0    0    0    0    0    0    0    0    0    0    0    0    0    0    0    0    6    0    2    0    2    0    0    0    0 |   10 (   0)   10
 20|   0    0    0    0    0    0    0    0    0    0    0    0    0    0    0    0    0    2    6    0    0    0    0    0    0    0 |    8 (   0)    8
 21|   0    0    0    0    0    0    0    0    0    0    0    0    0    0    0    0    0    8    0    0    0    0    0    0    0    0 |    8 (   0)    8
 22|   0    0    0    0    0    0    0    0    0    0    0    0    0    0    0    0    0    3    0    0    0    0    0    0    0    0 |    3 (   0)    3
 23|   0    0    0    0    0    0    0    0    0    0    0    0    0    0    0    0    0    0    0    0    0    0    0    0    0    3 |    3 (   0)    3
 24|   0    0    0    0    0    0    0    0    0    0    0    0    0    0    0    0    0    0    0    0    0    0    0    0    0    0 |    0 (   0)    0
 25|   0    0    0    0    0    0    0    0    0    0    0    0    0    0    0    0    0    3    0    0    0    0    0    0    0    5 |    8 (   0)    8
 26|   0    0    0    0    0    0    0    0    0    0    0    0    0    0    0    0    0    6    0    0    0    0    0    0    1    0 |    7 (   0)    7
---------------------------------------------------------------------------------------------------------------------------------------------------------
 + |   0    0    0    0    0    0    0    0    0    0    0    0    0    0    0    0    0   28   30   22   18   34   21   29   32   26 |  240 (   0)  240

