00:30:00 Matrix 1

   |   1    2    3    4    5    6    7    8    9   10   11   12   13   14   15   16   17   18   19   20   21   22   23   24   25   26  Total(Block)Tries
---------------------------------------------------------------------------------------------------------------------------------------------------------
  1|   0    0   21    0  183    0    0   21    0   23    0    0    0    0    4    0    0    0    0    0    0    0    0    0    0    0 |  252 (   0)  252
  2|   0    0    0    0   15    0    0    0    0   16    0    0    0    0   17    0    0    0    0    0    0    0    0    0    0    0 |   48 (   0)   48
  3|   0    0    0    0    0    0    0    0    0    0    0    0    0    0    0    0    0    0    0    0    0    0    0    0    0    0 |    0 (   0)    0
  4|   0    7    0    0   25    0    0   12    3  219    0    0    0    0   33    0    0    0    0    0    0    0    0    0    0    0 |  299 (   0)  299
  5|   0    0    0    0    0    0    0    0    0    0    0    0    0    0    0    0    0    0    0    0    0    0    0    0    0    0 |    0 (   0)    0
  6|   0    0   11    0    0    0    0    3    0    5    0    0    0    3   31    0    0    0    0    0    0    0    0    0    0    0 |   53 (   0)   53
  7|   0    0   52    0    0    0    0    5   35   23    0    0    0    7  128    0    0    0    0    0    0    0    0    0    0    0 |  250 (   0)  250
  8|   0    0    0    0    0    0    0    0    0    0    0    0    0    0    0    0    0    0    0    0    0    0    0    0    0    0 |    0 (   0)    0
  9|   0    0    5    0    4    0    0   22    0    0    0    0    0    0    7    0    0    0    0    0    0    0    0    0    0    0 |   38 (   0)   38
 10|   0    0    0    0    0    0    0    0    0    0    0    0    0    0    0    0    0    0    0    0    0    0    0    0    0    0 |    0 (   0)    0
 11|   0    0    9    0    0    0    0    0    0    0    0    0    0    0    8    0    0    0    0    0    0    0    0    0    0    0 |   17 (   0)   17
 12|   1   18   89    0    2    0    0    0    0    0    0    0    0    0    4    0    0    0    0    0    0    0    0    0    0    0 |  114 (   0)  114
 13|   0    0   10    0   13    0    0   80   17   14    0    0    0    0    3    0    0    0    0    0    0    0    0    0    0    0 |  137 (   0)  137
 14|   0    0    0    0    0    0    0    0    0    0    0    0    0    0    0    0    0    0    0    0    0    0    0    0    0    0 |    0 (   0)    0
 15|   0    0    0    0    0    0    0    0    0    0    0    0    0    0    0    0    0    0    0    0    0    0    0    0    0    0 |    0 (   0)    0
 16|   7    0   15    0   50    0    0    0    0   30    0    0    0    0    6    0    0    0    0    0    0    0    0    0    0    0 |  108 (   0)  108
 17|   0    0    0    0    0    0    0    0    0    0    0    0    0    0    0    0    0    0    0    0    0    0    0    0    0    0 |    0 (   0)    0
 18|   0    0    0    0    0    0    0    0    0    0    0    0    0    0    0    0    0    0    0    0    0    0    0    0    0    0 |    0 (   0)    0
 19|   0    0    0    0    0    0    0    0    0    0    0    0    0    0    0    0    0    0    0    0    0    0    0    0    0    0 |    0 (   0)    0
 20|   0    0    0    0    0    0    0    0    0    0    0    0    0    0    0    0    0    0    0    0    0    0    0    0    0    0 |    0 (   0)    0
 21|   0    0    0    0    0    0    0    0    0    0    0    0    0    0    0    0    0    0    0    0    0    0    0    0    0    0 |    0 (   0)    0
 22|   0    0    0    0    0    0    0    0    0    0    0    0    0    0    0    0    0    0    0    0    0    0    0    0    0    0 |    0 (   0)    0
 23|   0    0    0    0    0    0    0    0    0    0    0    0    0    0    0    0    0    0    0    0    0    0    0    0    0    0 |    0 (   0)    0
 24|   0    0    0    0    0    0    0    0    0    0    0    0    0    0    0    0    0    0    0    0    0    0    0    0    0    0 |    0 (   0)    0
 25|   0    0    0    0    0    0    0    0    0    0    0    0    0    0    0    0    0    0    0    0    0    0    0    0    0    0 |    0 (   0)    0
 26|   0    0    0    0    0    0    0    0    0    0    0    0    0    0    0    0    0    0    0    0    0    0    0    0    0    0 |    0 (   0)    0
---------------------------------------------------------------------------------------------------------------------------------------------------------
 + |   8   25  212    0  292    0    0  143   55  330    0    0    0   10  241    0    0    0    0    0    0    0    0    0    0    0 | 1316 (   0) 1316

00:30:00 Matrix 2

   |   1    2    3    4    5    6    7    8    9   10   11   12   13   14   15   16   17   18   19   20   21   22   23   24   25   26  Total(Block)Tries
---------------------------------------------------------------------------------------------------------------------------------------------------------
  1|   0    0    0    0    0    0    0    0    0    0    0    0    0    0    0    0    0    0    0    0    0    0    0    0    0    0 |    0 (   0)    0
  2|   0    0    0    0    0    0    0    0    0    0    0    0    0    0    0    0    0    0    0    0    0    0    0    0    0    0 |    0 (   0)    0
  3|   0    0    0    0    0    0    0    0    0    0    0    0    0    0    0    0    0    0    0    0    0    0    0    0    0    0 |    0 (   0)    0
  4|   0    0    0    0    0    0    0    0    0    0    0    0    0    0    0    0    0    0    0    0    0    0    0    0    0    0 |    0 (   0)    0
  5|   0    0    0    0    0    0    0    0    0    0    0    0    0    0    0    0    0    0    0    0    0    0    0    0    0    0 |    0 (   0)    0
  6|   0    0    0    0    0    0    0    0    0    0    0    0    0    0    0    0    0    0    0    0    0    0    0    0    0    0 |    0 (   0)    0
  7|   0    0    0    0    0    0    0    0    0    0    0    0    0    0    0    0    0    0    0    0    0    0    0    0    0    0 |    0 (   0)    0
  8|   0    0    0    0    0    0    0    0    0    0    0    0    0    0    0    0    0    0    0    0    0    0    0    0    0    0 |    0 (   0)    0
  9|   0    0    0    0    0    0    0    0    0    0    0    0    0    0    0    0    0    0    0    0    0    0    0    0    0    0 |    0 (   0)    0
 10|   0    0    0    0    0    0    0    0    0    0    0    0    0    0    0    0    0    0    0    0    0    0    0    0    0    0 |    0 (   0)    0
 11|   0    0    0    0    0    0    0    0    0    0    0    0    0    0    0    0    0    0    0    0    0    0    0    0    0    0 |    0 (   0)    0
 12|   0    0    0    0    0    0    0    0    0    0    0    0    0    0    0    0    0    0    0    0    0    0    0    0    0    0 |    0 (   0)    0
 13|   0    0    0    0    0    0    0    0    0    0    0    0    0    0    0    0    0    0    0    0    0    0    0    0    0    0 |    0 (   0)    0
 14|   0    0    0    0    0    0    0    0    0    0    0    0    0    0    0    0    0    0    0    0    0    0    0    0    0    0 |    0 (   0)    0
 15|   0    0    0    0    0    0    0    0    0    0    0    0    0    0    0    0    0    0    0    0    0    0    0    0    0    0 |    0 (   0)    0
 16|   0    0    0    0    0    0    0    0    0    0    0    0    0    0    0    0    0    0    0    0    0    0    0    0    0    0 |    0 (   0)    0
 17|   0    0    0    0    0    0    0    0    0    0    0    0    0    0    0    0    0    0    0    0    0    0    0    0    0    0 |    0 (   0)    0
 18|   0    0    0    0    0    0    0    0    0    0    0    0    0    0    0    0    0    0   15   26   19   13   19   18   24   22 |  156 (   0)  156
 19|   0    0    0    0    0    0    0    0    0    0    0    0    0    0    0    0    0    4    0    2    0    1    0    0    0    0 |    7 (   0)    7
 20|   0    0    0    0    0    0    0    0    0    0    0    0    0    0    0    0    0    3    2    0    0    0    0    0    0    0 |    5 (   0)    5
 21|   0    0    0    0    0    0    0    0    0    0    0    0    0    0    0    0    0    4    0    0    0    0    0    1    0    0 |    5 (   0)    5
 22|   0    0    0    0    0    0    0    0    0    0    0    0    0    0    0    0    0    1    0    0    0    0    0    0    0    0 |    1 (   0)    1
 23|   0    0    0    0    0    0    0    0    0    0    0    0    0    0    0    0    0    0    0    0    0    0    0    0    0    2 |    2 (   0)    2
 24|   0    0    0    0    0    0    0    0    0    0    0    0    0    0    0    0    0    0    0    0    0    0    0    0    0    0 |    0 (   0)    0
 25|   0    0    0    0    0    0    0    0    0    0    0    0    0    0    0    0    0    2    0    0    0    0    0    0    0    6 |    8 (   0)    8
 26|   0    0    0    0    0    0    0    0    0    0    0    0    0    0    0    0    0    4    0    0    0    0    0    0    5    0 |    9 (   0)    9
---------------------------------------------------------------------------------------------------------------------------------------------------------
 + |   0    0    0    0    0    0    0    0    0    0    0    0    0    0    0    0    0   18   17   28   19   14   19   19   29   30 |  193 (   0)  193

