00:15:00 Matrix 1

   |   1    2    3    4    5    6    7    8    9   10   11   12   13   14   15   16   17   18   19   20   21   22   23   24   25   26  Total(Block)Tries
---------------------------------------------------------------------------------------------------------------------------------------------------------
  1|   0    0   13    0  150    0    0   13    0   28    0    0    0    0    4    0    0    0    0    0    0    0    0    0    0    0 |  208 (   0)  208
  2|   0    0    0    0   10    0    0    0    0   21    0    0    0    0   24    0    0    0    0    0    0    0    0    0    0    0 |   55 (   0)   55
  3|   0    0    0    0    0    0    0    0    0    0    0    0    0    0    0    0    0    0    0    0    0    0    0    0    0    0 |    0 (   0)    0
  4|   0    4    0    0   36    0    0   15    2  195    0    0    0    0   36    0    0    0    0    0    0    0    0    0    0    0 |  288 (   0)  288
  5|   0    0    0    0    0    0    0    0    0    0    0    0    0    0    0    0    0    0    0    0    0    0    0    0    0    0 |    0 (   0)    0
  6|   0    0   12    0    0    0    0    1    0    9    0    0    0    3   23    0    0    0    0    0    0    0    0    0    0    0 |   48 (   0)   48
  7|   0    0   56    0    0    0    0    4   35   24    0    0    0    8  104    0    0    0    0    0    0    0    0    0    0    0 |  231 (   0)  231
  8|   0    0    0    0    0    0    0    0    0    0    0    0    0    0    0    0    0    0    0    0    0    0    0    0    0    0 |    0 (   0)    0
  9|   3    0    8    0    0    0    0   20    0    0    0    0    0    0    5    0    0    0    0    0    0    0    0    0    0    0 |   36 (   0)   36
 10|   0    0    0    0    0    0    0    0    0    0    0    0    0    0    0    0    0    0    0    0    0    0    0    0    0    0 |    0 (   0)    0
 11|   0    0    1    0    0    0    0    0    0    0    0    0    0    0    4    0    0    0    0    0    0    0    0    0    0    0 |    5 (   0)    5
 12|   1   15   79    0    0    0    0    0    0    0    0    0    0    0    4    0    0    0    0    0    0    0    0    0    0    0 |   99 (   0)   99
 13|   0    0    9    0    8    0    0   75   20   12    0    0    0    0    7    0    0    0    0    0    0    0    0    0    0    0 |  131 (   0)  131
 14|   0    0    0    0    0    0    0    0    0    0    0    0    0    0    0    0    0    0    0    0    0    0    0    0    0    0 |    0 (   0)    0
 15|   0    0    0    0    0    0    0    0    0    0    0    0    0    0    0    0    0    0    0    0    0    0    0    0    0    0 |    0 (   0)    0
 16|   9    0   12    0   48    0    0    0    0   35    0    0    0    0    4    0    0    0    0    0    0    0    0    0    0    0 |  108 (   0)  108
 17|   0    0    0    0    0    0    0    0    0    0    0    0    0    0    0    0    0    0    0    0    0    0    0    0    0    0 |    0 (   0)    0
 18|   0    0    0    0    0    0    0    0    0    0    0    0    0    0    0    0    0    0    0    0    0    0    0    0    0    0 |    0 (   0)    0
 19|   0    0    0    0    0    0    0    0    0    0    0    0    0    0    0    0    0    0    0    0    0    0    0    0    0    0 |    0 (   0)    0
 20|   0    0    0    0    0    0    0    0    0    0    0    0    0    0    0    0    0    0    0    0    0    0    0    0    0    0 |    0 (   0)    0
 21|   0    0    0    0    0    0    0    0    0    0    0    0    0    0    0    0    0    0    0    0    0    0    0    0    0    0 |    0 (   0)    0
 22|   0    0    0    0    0    0    0    0    0    0    0    0    0    0    0    0    0    0    0    0    0    0    0    0    0    0 |    0 (   0)    0
 23|   0    0    0    0    0    0    0    0    0    0    0    0    0    0    0    0    0    0    0    0    0    0    0    0    0    0 |    0 (   0)    0
 24|   0    0    0    0    0    0    0    0    0    0    0    0    0    0    0    0    0    0    0    0    0    0    0    0    0    0 |    0 (   0)    0
 25|   0    0    0    0    0    0    0    0    0    0    0    0    0    0    0    0    0    0    0    0    0    0    0    0    0    0 |    0 (   0)    0
 26|   0    0    0    0    0    0    0    0    0    0    0    0    0    0    0    0    0    0    0    0    0    0    0    0    0    0 |    0 (   0)    0
---------------------------------------------------------------------------------------------------------------------------------------------------------
 + |  13   19  190    0  252    0    0  128   57  324    0    0    0   11  215    0    0    0    0    0    0    0    0    0    0    0 | 1209 (   0) 1209

00:15:00 Matrix 2

   |   1    2    3    4    5    6    7    8    9   10   11   12   13   14   15   16   17   18   19   20   21   22   23   24   25   26  Total(Block)Tries
---------------------------------------------------------------------------------------------------------------------------------------------------------
  1|   0    0    0    0    0    0    0    0    0    0    0    0    0    0    0    0    0    0    0    0    0    0    0    0    0    0 |    0 (   0)    0
  2|   0    0    0    0    0    0    0    0    0    0    0    0    0    0    0    0    0    0    0    0    0    0    0    0    0    0 |    0 (   0)    0
  3|   0    0    0    0    0    0    0    0    0    0    0    0    0    0    0    0    0    0    0    0    0    0    0    0    0    0 |    0 (   0)    0
  4|   0    0    0    0    0    0    0    0    0    0    0    0    0    0    0    0    0    0    0    0    0    0    0    0    0    0 |    0 (   0)    0
  5|   0    0    0    0    0    0    0    0    0    0    0    0    0    0    0    0    0    0    0    0    0    0    0    0    0    0 |    0 (   0)    0
  6|   0    0    0    0    0    0    0    0    0    0    0    0    0    0    0    0    0    0    0    0    0    0    0    0    0    0 |    0 (   0)    0
  7|   0    0    0    0    0    0    0    0    0    0    0    0    0    0    0    0    0    0    0    0    0    0    0    0    0    0 |    0 (   0)    0
  8|   0    0    0    0    0    0    0    0    0    0    0    0    0    0    0    0    0    0    0    0    0    0    0    0    0    0 |    0 (   0)    0
  9|   0    0    0    0    0    0    0    0    0    0    0    0    0    0    0    0    0    0    0    0    0    0    0    0    0    0 |    0 (   0)    0
 10|   0    0    0    0    0    0    0    0    0    0    0    0    0    0    0    0    0    0    0    0    0    0    0    0    0    0 |    0 (   0)    0
 11|   0    0    0    0    0    0    0    0    0    0    0    0    0    0    0    0    0    0    0    0    0    0    0    0    0    0 |    0 (   0)    0
 12|   0    0    0    0    0    0    0    0    0    0    0    0    0    0    0    0    0    0    0    0    0    0    0    0    0    0 |    0 (   0)    0
 13|   0    0    0    0    0    0    0    0    0    0    0    0    0    0    0    0    0    0    0    0    0    0    0    0    0    0 |    0 (   0)    0
 14|   0    0    0    0    0    0    0    0    0    0    0    0    0    0    0    0    0    0    0    0    0    0    0    0    0    0 |    0 (   0)    0
 15|   0    0    0    0    0    0    0    0    0    0    0    0    0    0    0    0    0    0    0    0    0    0    0    0    0    0 |    0 (   0)    0
 16|   0    0    0    0    0    0    0    0    0    0    0    0    0    0    0    0    0    0    0    0    0    0    0    0    0    0 |    0 (   0)    0
 17|   0    0    0    0    0    0    0    0    0    0    0    0    0    0    0    0    0    0    0    0    0    0    0    0    0    0 |    0 (   0)    0
 18|   0    0    0    0    0    0    0    0    0    0    0    0    0    0    0    0    0    0   18   21   23   18   33   14   16   23 |  166 (   0)  166
 19|   0    0    0    0    0    0    0    0    0    0    0    0    0    0    0    0    0    3    0    2    0    0    0    0    0    0 |    5 (   0)    5
 20|   0    0    0    0    0    0    0    0    0    0    0    0    0    0    0    0    0    0    1    0    0    0    0    0    0    0 |    1 (   0)    1
 21|   0    0    0    0    0    0    0    0    0    0    0    0    0    0    0    0    0    7    0    0    0    0    0    0    0    0 |    7 (   0)    7
 22|   0    0    0    0    0    0    0    0    0    0    0    0    0    0    0    0    0    5    0    0    0    0    0    0    0    0 |    5 (   0)    5
 23|   0    0    0    0    0    0    0    0    0    0    0    0    0    0    0    0    0    0    0    0    0    0    0    0    0    1 |    1 (   0)    1
 24|   0    0    0    0    0    0    0    0    0    0    0    0    0    0    0    0    0    0    0    0    0    0    0    0    0    0 |    0 (   0)    0
 25|   0    0    0    0    0    0    0    0    0    0    0    0    0    0    0    0    0    3    0    0    0    0    0    0    0    3 |    6 (   0)    6
 26|   0    0    0    0    0    0    0    0    0    0    0    0    0    0    0    0    0    5    0    0    0    0    0    0    5    0 |   10 (   0)   10
---------------------------------------------------------------------------------------------------------------------------------------------------------
 + |   0    0    0    0    0    0    0    0    0    0    0    0    0    0    0    0    0   23   19   23   23   18   33   14   21   27 |  201 (   0)  201

