00:45:00 Matrix 1

   |   1    2    3    4    5    6    7    8    9   10   11   12   13   14   15   16   17   18   19   20   21   22   23   24   25   26  Total(Block)Tries
---------------------------------------------------------------------------------------------------------------------------------------------------------
  1|   0    0   25    0  182    0    0   20    0   29    0    0    0    0    2    0    0    0    0    0    0    0    0    0    0    0 |  258 (   0)  258
  2|   0    0    0    0   13    0    0    0    0   22    0    0    0    0   22    0    0    0    0    0    0    0    0    0    0    0 |   57 (   0)   57
  3|   0    0    0    0    0    0    0    0    0    0    0    0    0    0    0    0    0    0    0    0    0    0    0    0    0    0 |    0 (   0)    0
  4|   0    2    0    0   35    0    0   15    4  202    0    0    0    0   30    0    0    0    0    0    0    0    0    0    0    0 |  288 (   0)  288
  5|   0    0    0    0    0    0    0    0    0    0    0    0    0    0    0    0    0    0    0    0    0    0    0    0    0    0 |    0 (   0)    0
  6|   0    0    5    0    0    0    0    0    0    9    0    0    0    2   30    0    0    0    0    0    0    0    0    0    0    0 |   46 (   0)   46
  7|   2    0   38    0    0    0    0    5   28   24    0    0    0    2  106    0    0    0    0    0    0    0    0    0    0    0 |  205 (   0)  205
  8|   0    0    0    0    0    0    0    0    0    0    0    0    0    0    0    0    0    0    0    0    0    0    0    0    0    0 |    0 (   0)    0
  9|   2    0    2    0    2    0    0   27    0    0    0    0    0    0    3    0    0    0    0    0    0    0    0    0    0    0 |   36 (   0)   36
 10|   0    0    0    0    0    0    0    0    0    0    0    0    0    0    0    0    0    0    0    0    0    0    0    0    0    0 |    0 (   0)    0
 11|   0    0    1    0    0    0    0    0    0    0    0    0    0    0    6    0    0    0    0    0    0    0    0    0    0    0 |    7 (   0)    7
 12|   3   21   88    0    0    0    0    0    0    0    0    0    0    0   15    0    0    0    0    0    0    0    0    0    0    0 |  127 (   0)  127
 13|   0    0   11    0   15    0    0   62   22   11    0    0    0    0    5    0    0    0    0    0    0    0    0    0    0    0 |  126 (   0)  126
 14|   0    0    0    0    0    0    0    0    0    0    0    0    0    0    0    0    0    0    0    0    0    0    0    0    0    0 |    0 (   0)    0
 15|   0    0    0    0    0    0    0    0    0    0    0    0    0    0    0    0    0    0    0    0    0    0    0    0    0    0 |    0 (   0)    0
 16|   9    0   10    0   37    0    0    0    0   36    0    0    0    0    1    0    0    0    0    0    0    0    0    0    0    0 |   93 (   0)   93
 17|   0    0    0    0    0    0    0    0    0    0    0    0    0    0    0    0    0    0    0    0    0    0    0    0    0    0 |    0 (   0)    0
 18|   0    0    0    0    0    0    0    0    0    0    0    0    0    0    0    0    0    0    0    0    0    0    0    0    0    0 |    0 (   0)    0
 19|   0    0    0    0    0    0    0    0    0    0    0    0    0    0    0    0    0    0    0    0    0    0    0    0    0    0 |    0 (   0)    0
 20|   0    0    0    0    0    0    0    0    0    0    0    0    0    0    0    0    0    0    0    0    0    0    0    0    0    0 |    0 (   0)    0
 21|   0    0    0    0    0    0    0    0    0    0    0    0    0    0    0    0    0    0    0    0    0    0    0    0    0    0 |    0 (   0)    0
 22|   0    0    0    0    0    0    0    0    0    0    0    0    0    0    0    0    0    0    0    0    0    0    0    0    0    0 |    0 (   0)    0
 23|   0    0    0    0    0    0    0    0    0    0    0    0    0    0    0    0    0    0    0    0    0    0    0    0    0    0 |    0 (   0)    0
 24|   0    0    0    0    0    0    0    0    0    0    0    0    0    0    0    0    0    0    0    0    0    0    0    0    0    0 |    0 (   0)    0
 25|   0    0    0    0    0    0    0    0    0    0    0    0    0    0    0    0    0    0    0    0    0    0    0    0    0    0 |    0 (   0)    0
 26|   0    0    0    0    0    0    0    0    0    0    0    0    0    0    0    0    0    0    0    0    0    0    0    0    0    0 |    0 (   0)    0
---------------------------------------------------------------------------------------------------------------------------------------------------------
 + |  16   23  180    0  284    0    0  129   54  333    0    0    0    4  220    0    0    0    0    0    0    0    0    0    0    0 | 1243 (   0) 1243

00:45:00 Matrix 2

   |   1    2    3    4    5    6    7    8    9   10   11   12   13   14   15   16   17   18   19   20   21   22   23   24   25   26  Total(Block)Tries
---------------------------------------------------------------------------------------------------------------------------------------------------------
  1|   0    0    0    0    0    0    0    0    0    0    0    0    0    0    0    0    0    0    0    0    0    0    0    0    0    0 |    0 (   0)    0
  2|   0    0    0    0    0    0    0    0    0    0    0    0    0    0    0    0    0    0    0    0    0    0    0    0    0    0 |    0 (   0)    0
  3|   0    0    0    0    0    0    0    0    0    0    0    0    0    0    0    0    0    0    0    0    0    0    0    0    0    0 |    0 (   0)    0
  4|   0    0    0    0    0    0    0    0    0    0    0    0    0    0    0    0    0    0    0    0    0    0    0    0    0    0 |    0 (   0)    0
  5|   0    0    0    0    0    0    0    0    0    0    0    0    0    0    0    0    0    0    0    0    0    0    0    0    0    0 |    0 (   0)    0
  6|   0    0    0    0    0    0    0    0    0    0    0    0    0    0    0    0    0    0    0    0    0    0    0    0    0    0 |    0 (   0)    0
  7|   0    0    0    0    0    0    0    0    0    0    0    0    0    0    0    0    0    0    0    0    0    0    0    0    0    0 |    0 (   0)    0
  8|   0    0    0    0    0    0    0    0    0    0    0    0    0    0    0    0    0    0    0    0    0    0    0    0    0    0 |    0 (   0)    0
  9|   0    0    0    0    0    0    0    0    0    0    0    0    0    0    0    0    0    0    0    0    0    0    0    0    0    0 |    0 (   0)    0
 10|   0    0    0    0    0    0    0    0    0    0    0    0    0    0    0    0    0    0    0    0    0    0    0    0    0    0 |    0 (   0)    0
 11|   0    0    0    0    0    0    0    0    0    0    0    0    0    0    0    0    0    0    0    0    0    0    0    0    0    0 |    0 (   0)    0
 12|   0    0    0    0    0    0    0    0    0    0    0    0    0    0    0    0    0    0    0    0    0    0    0    0    0    0 |    0 (   0)    0
 13|   0    0    0    0    0    0    0    0    0    0    0    0    0    0    0    0    0    0    0    0    0    0    0    0    0    0 |    0 (   0)    0
 14|   0    0    0    0    0    0    0    0    0    0    0    0    0    0    0    0    0    0    0    0    0    0    0    0    0    0 |    0 (   0)    0
 15|   0    0    0    0    0    0    0    0    0    0    0    0    0    0    0    0    0    0    0    0    0    0    0    0    0    0 |    0 (   0)    0
 16|   0    0    0    0    0    0    0    0    0    0    0    0    0    0    0    0    0    0    0    0    0    0    0    0    0    0 |    0 (   0)    0
 17|   0    0    0    0    0    0    0    0    0    0    0    0    0    0    0    0    0    0    0    0    0    0    0    0    0    0 |    0 (   0)    0
 18|   0    0    0    0    0    0    0    0    0    0    0    0    0    0    0    0    0    0   21   22   16   22   22   13   29   22 |  167 (   0)  167
 19|   0    0    0    0    0    0    0    0    0    0    0    0    0    0    0    0    0    5    0    1    0    1    0    0    0    0 |    7 (   0)    7
 20|   0    0    0    0    0    0    0    0    0    0    0    0    0    0    0    0    0    3    5    0    0    0    0    0    0    0 |    8 (   0)    8
 21|   0    0    0    0    0    0    0    0    0    0    0    0    0    0    0    0    0    4    0    0    0    0    0    0    0    0 |    4 (   0)    4
 22|   0    0    0    0    0    0    0    0    0    0    0    0    0    0    0    0    0    4    0    0    0    0    0    0    0    0 |    4 (   0)    4
 23|   0    0    0    0    0    0    0    0    0    0    0    0    0    0    0    0    0    0    0    0    0    0    0    0    0    4 |    4 (   0)    4
 24|   0    0    0    0    0    0    0    0    0    0    0    0    0    0    0    0    0    0    0    0    0    0    0    0    0    0 |    0 (   0)    0
 25|   0    0    0    0    0    0    0    0    0    0    0    0    0    0    0    0    0    5    0    0    0    0    0    0    0    3 |    8 (   0)    8
 26|   0    0    0    0    0    0    0    0    0    0    0    0    0    0    0    0    0    5    0    0    0    0    0    0    2    0 |    7 (   0)    7
---------------------------------------------------------------------------------------------------------------------------------------------------------
 + |   0    0    0    0    0    0    0    0    0    0    0    0    0    0    0    0    0   26   26   23   16   23   22   13   31   29 |  209 (   0)  209

