## Author mwhyte
## Created Date Thu 27. Mar 14:43:45 2008
## Modified Date Thu 27. Mar 14:43:53 2008
## Modified By mwhyte
## Network P:/Installers/InstallerMasterFolder/!DemoNetworks/Demo3
## Notes 
demand period 1
matrix count 5
divisor 1.0000

matrix 1
from   1    0  279   27    0   21    0    0    0    0    0  902    0    0    0    0    0  170    0    0    0    0    0    0    0    0    0    0    3    0  ## 1402
from   2  770    0   70   70  105    0    0    0    0    0   42    0    0    0    0   14   21   42    0    0    0    0    0    0    0    0    0    0    0  ## 1134
from   3    0    0    0    0    0    0    0    0    0    0    0    0    0    0    0    0    0    0    0    0    0    0    0    0    0    0    0    0    0  ## 0
from   4  266   35    0    0    0    0    0   21    0    0    0   40    0    0    0    0    0    0    0    0    0    0    0    0    0    0    0    0    0  ## 362
from   5    0    0    0    0    0    0    0    0    0    0    0    0    0    0    0    0    0    0    0    0    0    0    0    0    0    0    0    0    0  ## 0
from   6    0   70    0    0    0    0    0   28    0    0  235    0    0    0    0    0  200   56    0    0    0    0    0    0    0    0    0    4    0  ## 593
from   7    0    0    0    0    0    0    0   11    0    0    0    0    0    0    0    0    0    0    0    0    0    0    0    0    0    0    0    0    0  ## 11
from   8    0    0    0    0    0    0    0    0    0    0    0    0    0    0    0    0    0    0    0    0    0    0    0    0    0    0    0    0    0  ## 0
from   9    0    0    0    0    0    0    0    0    0    0    0    0    0    0    0    0    0    0    0    0    0    0    0  315   35    0    0    0    0  ## 350
from  10    0   56    0    0    0    0    0    0    0    0    0    0    0    0    0    0    0    0    0    0    0    0    0   35  280    0    0    0    0  ## 371
from  11    0    0    0    0    0    0    0    0    0    0    0    0    0    0    0    0    0    0    0    0    0    0    0    0    0    0    0    0    0  ## 0
from  12    0    0    0    0    0    0    0    0    0    0    0    0    0    0    0    0    0    0    0    0    0    0    0    0    0    0    0    0    0  ## 0
from  13    0   35   21   35    0    0    0    7    0    0    4    0    0    0    0    0    0    0    0    0    0    0    0    0    0    0    0    0    0  ## 102
from  14    0    0  140    0    0    0    0    0    0    0    0   70    0    0    0   70   63    0    0    0    0    0    0    0    0    0    0    0    0  ## 343
from  15  103    0  204    0   28    0    0    0    0    0    0    0    0   41    0    0   20    0    0    0    0    0    0    0    0    0    0    0    0  ## 396
from  16    7    0    0    0    0    0    0    0    0    0    0    0    0  140   21    0   42    0    0    0    0    0    0    0    0    0    0    0    0  ## 210
from  17  210    0   14   25  325    0    0    0    0    0  315    0    0   98    0   35    0    0    0    0    0    0    0    0    0    0    0    0    0  ## 1022
from  18    0    0    0    0    0    0    0    0    0    0    0    0    0    0    0    0    0    0    0    0    0    0    0    0    0    0    0    0    0  ## 0
from  19    0  112    0    0    4    0    0    0    0    0    0    0    0    0    0    0   14    0    0    0    7    0    0    0    0    0    0   35    0  ## 172
from  20    0   14    0    0    0    0    0    0    0    0    0    0    0    0    0    0   35   35    0    0    0    0    0    0    0    0    0    0    0  ## 84
from  21    0   28    0    0    0    0    0    0    0    0    0    0    0    0    0    0    0   56    0    0    0    0    0    0    0    0    0    0    0  ## 84
from  22    0   14    0    0    0    0    0    0    0    0    0    0    0    0    0    0    0   56    0    0    0    0    0    0    0    0    0    0    0  ## 70
from  23    0    0    0    7    0    0    0  420    0    0  105    0    0    0    0    0    0    0    0    0    0    0    0    0    0    0    0    0    0  ## 532
from  24    0    0    0    0    0    0    0    0    0    0    0    0    0    0    0    0    0    0    0    0    0    0    0    0    0    0    0    0    0  ## 0
from  25    0    0    0    0    0    0    0    0    0    0    0    0    0    0    0    0    0    0    0    0    0    0    0    0    0    0    0    0    0  ## 0
from  26    0    0    0    0    0    0    0    0    0    0    0    0    0    0    0    0    0    0    0    0    0    0    0    0    0    0    0    0    0  ## 0
from  27    0    0    0    0    0    0    0    0    0    0    0    0    0    0    0    0    0    0    0    0    0    0    0    0    0    0    0    0    0  ## 0
from  28    0    0    0    0    0    0    0    0    0    0    0    0    0    0    0    0    0    0    0    0    0    0    0    0    0    0    0    0    0  ## 0
from  29    0    0    0    0    0    0    0    0    0    0    0    0    0    0    0    0    0    0    0    0    0    0    0    0    0    0    0    0    0  ## 0

## total 1356  643  476  137  483    0    0  487    0    0 1603  110    0  279   21  119  565  245    0    0    7    0    0  350  315    0    0   42    0  ## 7238


matrix 2
from   1    0    1    0    0    0    0    0    0    0    0    0    0    0    0    0    0    0    0    0    0    0    0    0    0    0    0    0    0    0  ## 1
from   2    0    0    0    0    0    0    0    0    0    0    0    0    0    0    0    0    0    0    0    0    0    0    0    0    0    0    0    0    0  ## 0
from   3    0    0    0    0    0    0    0    0    0    0    0    0    0    0    0    0    0    0    0    0    0    0    0    0    0    0    0    0    0  ## 0
from   4    0    0    0    0    0    0    0    0    0    0    0    0    0    0    0    0    0    0    0    0    0    0    0    0    0    0    0    0    0  ## 0
from   5    0    0    0    0    0    0    0    0    0    0    0    0    0    0    0    0    0    0    0    0    0    0    0    0    0    0    0    0    0  ## 0
from   6    0    0    0    0    0    0    0    0    0    0    0    0    0    0    0    0    0    0    0    0    0    0    0    0    0    0    0    0    0  ## 0
from   7    0    0    0    0    0    0    0    0    0    0    0    0    0    0    0    0    0    0    0    0    0    0    0    0    0    0    0    0    0  ## 0
from   8    0    0    0    0    0    0    0    0    0    0    0    0    0    0    0    0    0    0    0    0    0    0    0    0    0    0    0    0    0  ## 0
from   9    0    0    0    0    0    0    0    0    0    0    0    0    0    0    0    0    0    0    0    0    0    0    0    0    0    0    0    0    0  ## 0
from  10    0    0    0    0    0    0    0    0    0    0    0    0    0    0    0    0    0    0    0    0    0    0    0    0    0    0    0    0    0  ## 0
from  11    0    0    0    0    0    0    0    0    0    0    0    0    0    0    0    0    0    0    0    0    0    0    0    0    0    0    0    0    0  ## 0
from  12    0    0    0    0    0    0    0    0    0    0    0    0    0    0    0    0    0    0    0    0    0    0    0    0    0    0    0    0    0  ## 0
from  13    0    0    0    0    0    0    0    0    0    0    0    0    0    0    0    0    0    0    0    0    0    0    0    0    0    0    0    0    0  ## 0
from  14    0    0    0    0    0    0    0    0    0    0    0    0    0    0    0    0    0    0    0    0    0    0    0    0    0    0    0    0  100  ## 100
from  15    0    0    0    0    0    0    0    0    0    0    0    0    0    0    0    0    0    0    0    0    0    0    0    0    0    0    0    0    0  ## 0
from  16    0    0    0    0    0    0    0    0    0    0    0    0    0    0    0    0    0    0    0    0    0    0    0    0    0    0    0    0   50  ## 50
from  17    0    0    0    0    0    0    0    0    0    0    0    0    0    0    0    0    0    0    0    0    0    0    0    0    0    0    0    0  200  ## 200
from  18    0    0    0    0    0    0    0    0    0    0    0    0    0    0    0    0    0    0    0    0    0    0    0    0    0    0    0    0    0  ## 0
from  19    0    0    0    0    0    0    0    0    0    0    0    0    0    0    0    0    0    0    0    0    0    0    0    0    0    0    0    0    0  ## 0
from  20    0    0    0    0    0    0    0    0    0    0    0    0    0    0    0    0    0    0    0    0    0    0    0    0    0    0    0    0    0  ## 0
from  21    0    0    0    0    0    0    0    0    0    0    0    0    0    0    0    0    0    0    0    0    0    0    0    0    0    0    0    0    0  ## 0
from  22    0    0    0    0    0    0    0    0    0    0    0    0    0    0    0    0    0    0    0    0    0    0    0    0    0    0    0    0    0  ## 0
from  23    0    0    0    0    0    0    0    0    0    0    0    0    0    0    0    0    0    0    0    0    0    0    0    0    0    0    0    0    0  ## 0
from  24    0    0    0    0    0    0    0    0    0    0    0    0    0    0    0    0    0    0    0    0    0    0    0    0    0    0    0    0    0  ## 0
from  25    0    0    0    0    0    0    0    0    0    0    0    0    0    0    0    0    0    0    0    0    0    0    0    0    0    0    0    0    0  ## 0
from  26    0    0    0    0    0    0    0    0    0    0    0    0    0    0    0    0    0    0    0    0    0    0    0    0    0    0    0    0    0  ## 0
from  27    0    0    0    0    0    0    0    0    0    0    0    0    0    0    0    0    0    0    0    0    0    0    0    0    0    0    0    0    0  ## 0
from  28    0    0    0    0    0    0    0    0    0    0    0    0    0    0    0    0    0    0    0    0    0    0    0    0    0    0    0    0    0  ## 0
from  29   50    0    0   30   20    0    0    0    0    0   50    0    0   50    0   50  100    0    0    0    0    0    0    0    0    0    0    0    0  ## 350

## total   50    1    0   30   20    0    0    0    0    0   50    0    0   50    0   50  100    0    0    0    0    0    0    0    0    0    0    0  350  ## 701


matrix 3
from   1    0   90   12    0    9    0    0    0    0    0  390    0    0    0    0    0    0    0    0    0    0    0    0    0    0    0    0    1    0  ## 502
from   2  150    0   30   30   45    0    0    0    0    0   18    0    0    0    0    6    9   18    0    0    0    0    0    0    0    0    0    0    0  ## 306
from   3    0    0    0    0    0    0    0    0    0    0    0    0    0    0    0    0    0    0    0    0    0    0    0    0    0    0    0    0    0  ## 0
from   4  110   15    0    0    0    0    0    9    0    0    0   10    0    0    0    0    0    0    0    0    0    0    0    0    0    0    0    0    0  ## 144
from   5    0    0    0    0    0    0    0    0    0    0    0    0    0    0    0    0    0    0    0    0    0    0    0    0    0    0    0    0    0  ## 0
from   6    0   30    0    0    0    0    0   12    0    0  101    0    0    0    0    0    0   24    0    0    0    0    0    0    0    0    0    2    0  ## 169
from   7    0    0    0    0    0    0    0    5    0    0    0    0    0    0    0    0    0    0    0    0    0    0    0    0    0    0    0    0    0  ## 5
from   8    0    0    0    0    0    0    0    0    0    0    0    0    0    0    0    0    0    0    0    0    0    0    0    0    0    0    0    0    0  ## 0
from   9    0    0    0    0    0    0    0    0    0    0    0    0    0    0    0    0    0    0    0    0    0    0    0   75   15    0    0    0    0  ## 90
from  10    0   24    0    0    0    0    0    0    0    0    0    0    0    0    0    0    0    0    0    0    0    0    0   15   60    0    0    0    0  ## 99
from  11    0    0    0    0    0    0    0    0    0    0    0    0    0    0    0    0    0    0    0    0    0    0    0    0    0    0    0    0    0  ## 0
from  12    0    0    0    0    0    0    0    0    0    0    0    0    0    0    0    0    0    0    0    0    0    0    0    0    0    0    0    0    0  ## 0
from  13    0   15    9   15    0    0    0    3    0    0    2    0    0    0    0    0    0    0    0    0    0    0    0    0    0    0    0    0    0  ## 44
from  14    0    0   60    0    0    0    0    0    0    0    0   30    0    0    0   30   27    0    0    0    0    0    0    0    0    0    0    0    0  ## 147
from  15   44    0   68    0   12    0    0    0    0    0    0    0    0   17    0    0    9    0    0    0    0    0    0    0    0    0    0    0    0  ## 150
from  16    3    0    0    0    0    0    0    0    0    0    0    0    0   60    9    0   18    0    0    0    0    0    0    0    0    0    0    0    0  ## 90
from  17   60    0    6   15  135    0    0    0    0    0  135    0    0   42    0   15    0    0    0    0    0    0    0    0    0    0    0    0    0  ## 408
from  18    0    0    0    0    0    0    0    0    0    0    0    0    0    0    0    0    0    0    0    0    0    0    0    0    0    0    0    0    0  ## 0
from  19    0   48    0    0    2    0    0    0    0    0    0    0    0    0    0    0    6    0    0    0    3    0    0    0    0    0    0   15    0  ## 74
from  20    0    6    0    0    0    0    0    0    0    0    0    0    0    0    0    0   15   15    0    0    0    0    0    0    0    0    0    0    0  ## 36
from  21    0   12    0    0    0    0    0    0    0    0    0    0    0    0    0    0    0   24    0    0    0    0    0    0    0    0    0    0    0  ## 36
from  22    0    6    0    0    0    0    0    0    0    0    0    0    0    0    0    0    0   24    0    0    0    0    0    0    0    0    0    0    0  ## 30
from  23    0    0    0    3    0    0    0  180    0    0   45    0    0    0    0    0    0    0    0    0    0    0    0    0    0    0    0    0    0  ## 228
from  24    0    0    0    0    0    0    0    0    0    0    0    0    0    0    0    0    0    0    0    0    0    0    0    0    0    0    0    0    0  ## 0
from  25    0    0    0    0    0    0    0    0    0    0    0    0    0    0    0    0    0    0    0    0    0    0    0    0    0    0    0    0    0  ## 0
from  26    0    0    0    0    0    0    0    0    0    0    0    0    0    0    0    0    0    0    0    0    0    0    0    0    0    0    0    0    0  ## 0
from  27    0    0    0    0    0    0    0    0    0    0    0    0    0    0    0    0    0    0    0    0    0    0    0    0    0    0    0    0    0  ## 0
from  28    0    0    0    0    0    0    0    0    0    0    0    0    0    0    0    0    0    0    0    0    0    0    0    0    0    0    0    0    0  ## 0
from  29    0    0    0    0    0    0    0    0    0    0    0    0    0    0    0    0    0    0    0    0    0    0    0    0    0    0    0    0    0  ## 0

## total  367  246  185   63  203    0    0  209    0    0  691   40    0  119    9   51   84  105    0    0    3    0    0   90   75    0    0   18    0  ## 2558


matrix 4
from   1    0    0    0    0    0    0    0    0    0    0    0    0    0    0    0    0    0    0    0    0    0    0    0    0    0    0    0    0    0  ## 0
from   2    0    0    0    0    0    0    0    0    0    0    0    0    0    0    0    0    0    0    0    0    0    0    0    0    0    0    0    0    0  ## 0
from   3    0    0    0    0    0    0    0    0    0    0    0    0    0    0    0    0    0    0    0    0    0    0    0    0    0    0    0    0    0  ## 0
from   4    0    0    0    0    0    0    0    0    0    0    0    0    0    0    0    0    0    0    0    0    0    0    0    0    0    0    0    0    0  ## 0
from   5    0    0    0    0    0    0    0    0    0    0    0    0    0    0    0    0    0    0    0    0    0    0    0    0    0    0    0    0    0  ## 0
from   6    0    0    0    0    0    0    0    0    0    0    0    0    0    0    0    0    0    0    0    0    0    0    0    0    0    0    0    0    0  ## 0
from   7    0    0    0    0    0    0    0    0    0    0    0    0    0    0    0    0    0    0    0    0    0    0    0    0    0    0    0    0    0  ## 0
from   8    0    0    0    0    0    0    0    0    0    0    0    0    0    0    0    0    0    0    0    0    0    0    0    0    0    0    0    0    0  ## 0
from   9    0    0    0    0    0    0    0    0    0    0    0    0    0    0    0    0    0    0    0    0    0    0    0    0    0    0    0    0    0  ## 0
from  10    0    0    0    0    0    0    0    0    0    0    0    0    0    0    0    0    0    0    0    0    0    0    0    0    0    0    0    0    0  ## 0
from  11    0    0    0    0    0    0    0    0    0    0    0    0    0    0    0    0    0    0    0    0    0    0    0    0    0    0    0    0    0  ## 0
from  12    0    0    0    0    0    0    0    0    0    0    0    0    0    0    0    0    0    0    0    0    0    0    0    0    0    0    0    0    0  ## 0
from  13    0    0    0    0    0    0    0    0    0    0    0    0    0    0    0    0    0    0    0    0    0    0    0    0    0    0    0    0    0  ## 0
from  14    0    0    0    0    0    0    0    0    0    0    0    0    0    0    0    0    0    0    0    0    0    0    0    0    0    0    0    0    0  ## 0
from  15    0    0    0    0    0    0    0    0    0    0    0    0    0    0    0    0    0    0    0    0    0    0    0    0    0    0    0    0    0  ## 0
from  16    0    0    0    0    0    0    0    0    0    0    0    0    0    0    0    0    0    0    0    0    0    0    0    0    0    0    0    0    0  ## 0
from  17    0    0    0    0    0    0    0    0    0    0    0    0    0    0    0    0    0    0    0    0    0    0    0    0    0    0    0    0    0  ## 0
from  18    0    0    0    0    0    0    0    0    0    0    0    0    0    0    0    0    0    0    0    0    0    0    0    0    0    0    0    0    0  ## 0
from  19    0    0    0    0    0    0    0    0    0    0    0    0    0    0    0    0    0    0    0    0    0    0    0    0    0    0    0    0    0  ## 0
from  20    0    0    0    0    0    0    0    0    0    0    0    0    0    0    0    0    0    0    0    0    0    0    0    0    0    0    0    0    0  ## 0
from  21    0    0    0    0    0    0    0    0    0    0    0    0    0    0    0    0    0    0    0    0    0    0    0    0    0    0    0    0    0  ## 0
from  22    0    0    0    0    0    0    0    0    0    0    0    0    0    0    0    0    0    0    0    0    0    0    0    0    0    0    0    0    0  ## 0
from  23    0    0    0    0    0    0    0    0    0    0    0    0    0    0    0    0    0    0    0    0    0    0    0    0    0    0    0    0    0  ## 0
from  24    0    0    0    0    0    0    0    0    0    0    0    0    0    0    0    0    0    0    0    0    0    0    0    0    0    0    0    0    0  ## 0
from  25    0    0    0    0    0    0    0    0    0    0    0    0    0    0    0    0    0    0    0    0    0    0    0    0    0    0    0    0    0  ## 0
from  26    0    0    0    0    0    0    0    0    0    0    0    0    0    0    0    0    0    0    0    0    0    0    0    0    0    0    0    0    0  ## 0
from  27    0    0    0    0    0    0    0    0    0    0    0    0    0    0    0    0    0    0    0    0    0    0    0    0    0    0    0    0    0  ## 0
from  28    0    0    0    0    0    0    0    0    0    0    0    0    0    0    0    0    0    0    0    0    0    0    0    0    0    0    0    0    0  ## 0
from  29    0    0    0    0    0    0    0    0    0    0    0    0    0    0    0    0    0    0    0    0    0    0    0    0    0    0    0    0    0  ## 0

## total    0    0    0    0    0    0    0    0    0    0    0    0    0    0    0    0    0    0    0    0    0    0    0    0    0    0    0    0    0  ## 0


matrix 5
from   1    0    0    0    0    0    0    0    0    0    0    0    0    0    0    0    0    0    0    0    0    0    0    0    0    0    0    0    0    0  ## 0
from   2    0    0    0    0    0    0    0    0    0    0    0    0    0    0    0    0    0    0    0    0    0    0    0    0    0    0    0    0    0  ## 0
from   3    0    0    0    0    0    0    0    0    0    0    0    0    0    0    0    0    0    0    0    0    0    0    0    0    0    0    0    0    0  ## 0
from   4    0    0    0    0    0    0    0    0    0    0    0    0    0    0    0    0    0    0    0    0    0    0    0    0    0    0    0    0    0  ## 0
from   5    0    0    0    0    0    0    0    0    0    0    0    0    0    0    0    0    0    0    0    0    0    0    0    0    0    0    0    0    0  ## 0
from   6    0    0    0    0    0    0    0    0    0    0    0    0    0    0    0    0    0    0    0    0    0    0    0    0    0    0    0    0    0  ## 0
from   7    0    0    0    0    0    0    0    0    0    0    0    0    0    0    0    0    0    0    0    0    0    0    0    0    0    0    0    0    0  ## 0
from   8    0    0    0    0    0    0    0    0    0    0    0    0    0    0    0    0    0    0    0    0    0    0    0    0    0    0    0    0    0  ## 0
from   9    0    0    0    0    0    0    0    0    0    0    0    0    0    0    0    0    0    0    0    0    0    0    0    0    0    0    0    0    0  ## 0
from  10    0    0    0    0    0    0    0    0    0    0    0    0    0    0    0    0    0    0    0    0    0    0    0    0    0    0    0    0    0  ## 0
from  11    0    0    0    0    0    0    0    0    0    0    0    0    0    0    0    0    0    0    0    0    0    0    0    0    0    0    0    0    0  ## 0
from  12    0    0    0    0    0    0    0    0    0    0    0    0    0    0    0    0    0    0    0    0    0    0    0    0    0    0    0    0    0  ## 0
from  13    0    0    0    0    0    0    0    0    0    0    0    0    0    0    0    0    0    0    0    0    0    0    0    0    0    0    0    0    0  ## 0
from  14    0    0    0    0    0    0    0    0    0    0    0    0    0    0    0    0    0    0    0    0    0    0    0    0    0    0    0    0    0  ## 0
from  15    0    0    0    0    0    0    0    0    0    0    0    0    0    0    0    0    0    0    0    0    0    0    0    0    0    0    0    0    0  ## 0
from  16    0    0    0    0    0    0    0    0    0    0    0    0    0    0    0    0    0    0    0    0    0    0    0    0    0    0    0    0    0  ## 0
from  17    0    0    0    0    0    0    0    0    0    0    0    0    0    0    0    0    0    0    0    0    0    0    0    0    0    0    0    0    0  ## 0
from  18    0    0    0    0    0    0    0    0    0    0    0    0    0    0    0    0    0    0    0    0    0    0    0    0    0    0    0    0    0  ## 0
from  19    0    0    0    0    0    0    0    0    0    0    0    0    0    0    0    0    0    0    0    0    0    0    0    0    0    0    0    0    0  ## 0
from  20    0    0    0    0    0    0    0    0    0    0    0    0    0    0    0    0    0    0    0    0    0    0    0    0    0    0    0    0    0  ## 0
from  21    0    0    0    0    0    0    0    0    0    0    0    0    0    0    0    0    0    0    0    0    0    0    0    0    0    0    0    0    0  ## 0
from  22    0    0    0    0    0    0    0    0    0    0    0    0    0    0    0    0    0    0    0    0    0    0    0    0    0    0    0    0    0  ## 0
from  23    0    0    0    0    0    0    0    0    0    0    0    0    0    0    0    0    0    0    0    0    0    0    0    0    0    0    0    0    0  ## 0
from  24    0    0    0    0    0    0    0    0    0    0    0    0    0    0    0    0    0    0    0    0    0    0    0    0    0    0    0    0    0  ## 0
from  25    0    0    0    0    0    0    0    0    0    0    0    0    0    0    0    0    0    0    0    0    0    0    0    0    0    0    0    0    0  ## 0
from  26    0    0    0    0    0    0    0    0    0    0    0    0    0    0    0    0    0    0    0    0    0    0    0    0    0    0    0    0    0  ## 0
from  27    0    0    0    0    0    0    0    0    0    0    0    0    0    0    0    0    0    0    0    0    0    0    0    0    0    0    0    0    0  ## 0
from  28    0    0    0    0    0    0    0    0    0    0    0    0    0    0    0    0    0    0    0    0    0    0    0    0    0    0    0    0    0  ## 0
from  29    0    0    0    0    0    0    0    0    0    0    0    0    0    0    0    0    0    0    0    0    0    0    0    0    0    0    0    0    0  ## 0

## total    0    0    0    0    0    0    0    0    0    0    0    0    0    0    0    0    0    0    0    0    0    0    0    0    0    0    0    0    0  ## 0


