sun
40.000000 0.040000 13.700000 20.500000 1.000000 1.000000 1.000000 1.000000 0.839216 0.066667
ground
1.000000 1.000000 1.000000
texture "D:/DataV4/0301_GCO_Ruta5_Lujan_Polu/Overlay_Ruta5/cesped.jpg"
188 188
sky
0.000000 0.035294 0.105882 0.666667 1.000000
sky
1.000000 0.529412 0.807843 1.000000 1.000000
clouds
3 512 0.100000 0.500000 0.500000 2 2 1.000000 1.000000 1.000000 1.000000 1.000000 1.000000
wind
185.000000 19.000000
lensflare
burst 0.900000 -1.260000 1.000000 1.000000 1.000000 xy 0.500000 0.500000
lensflare
halo 0.600000 -0.680000 1.000000 1.000000 1.000000 xy 0.500000 0.500000
lensflare
halo 0.900000 -0.550000 1.000000 0.968628 0.952941 xy 0.500000 0.500000
lensflare
halo 0.700000 -0.350000 1.000000 0.941177 0.980392 xy 0.500000 0.500000
lensflare
halo 0.600000 -0.160000 1.000000 1.000000 1.000000 xy 0.500000 0.500000
lensflare
hexagon 0.500000 0.200000 1.000000 0.776471 0.780392 xy 0.500000 0.500000
lensflare
hexagon 0.500000 0.100000 0.756863 1.000000 0.752941 xy 0.500000 0.500000
lensflare
hexagon 0.500000 0.000000 0.772549 0.835294 1.000000 xy 0.500000 0.500000
lensflare
halo 0.400000 0.290000 1.000000 1.000000 1.000000 xy 0.500000 0.500000
lensflare
halo 0.450000 0.420000 1.000000 1.000000 1.000000 xy 0.500000 0.500000
lensflare
halo 1.500000 0.750000 0.917647 0.941177 1.000000 xy 0.500000 0.500000
lensflare
rainbow 9.000000 0.950000 1.000000 1.000000 1.000000 xy 0.140000 0.140000
lensflare
burst 0.900000 0.770000 1.000000 1.000000 1.000000 xy 0.500000 0.500000
lensflare
halo 1.800000 1.520000 1.000000 0.941177 0.929412 xy 0.500000 0.500000
lensflare
burst 1.700000 1.950000 1.000000 0.937255 0.905882 xy 0.500000 0.500000
lensflare
burst 33.100002 -1.000000 1.000000 1.000000 1.000000 xy 0.150000 0.150000
